6491299 5765582 630835 78233 16649 20597066700 19591787100 947446200 26045100 31788300 23355014587500 22586704255500 744308024700 2999085000 21003222300 1546668028 1550074198 600 998 18796 
6477101 5722198 661638 76960 16305 20798660700 19784703900 958528500 24973200 30455100 23904121364100 23124463485600 758036750700 2879238900 18741888900 1546668028 1550074498 907 999 18951 
6422899 5678349 649867 78395 16288 19978678500 18957198300 965937000 25650900 29892300 22764337680600 21980814990300 763198884600 2915250600 17408555100 1546668028 1550074798 803 996 18448 
6375945 5612688 670066 77130 16061 19433075100 18403892100 967883700 25341000 35958300 21975845358300 21184673675700 763820877900 2864236200 24486568500 1545779813 1550075098 484 994 18761 
6227479 5506773 629154 75376 16176 19816740000 18828777000 925914000 24831300 37217700 22651986411300 21895655463600 726719350800 2877440400 26734156500 1546668028 1550075398 771 999 18019 
6216613 5503175 619532 77757 16149 20391373200 19421508000 912042900 25490400 32331900 23508512588400 22775456586000 708830545500 2919259500 21306197400 1546668028 1550075698 608 997 17598 
6196138 5492926 609822 77361 16029 20306773500 19331461500 921163500 25999200 28149300 23204144452500 22463943801000 719154740400 2936299800 18109611300 1545780693 1550075998 490 999 17829 
6091403 5392287 607039 76157 15920 19999131600 18996835800 949700700 25007100 27588000 23048436317400 22275294108900 752979317100 2866542900 17296348500 1546668028 1550076298 572 999 17402 
6065531 5345876 625107 78305 16243 19409995500 18365640900 988387200 26165700 29801700 22426120117500 21615929382000 787726969500 2914106700 19549659300 1546668028 1550076598 900 998 17507 
5989684 5276211 619600 78037 15836 19259591700 18201483600 1005735900 25898700 26473500 22410524882400 21593486161800 796980863400 2925991800 17131865400 1546668028 1550076899 671 0 17396 
5900303 5180391 626129 77652 16131 19078717500 18047361300 980273700 25860000 25222500 22122111576600 21335680958400 767913998700 2865098400 15651521100 1546668028 1550077199 707 0 17128 
5808980 5099274 614594 78790 16322 19902403200 18927333600 921634800 26054100 27380700 23149740729900 22412975718600 716631690000 2947938000 17185383300 1545782204 1550077498 735 996 17217 
5733394 5024913 613231 79334 15916 19116011400 18134229900 926746500 26238000 28797000 22211846001000 21460222719000 729745959300 2949654600 18927668100 1546668028 1550077798 770 998 16448 
5706867 5005179 607362 78241 16085 19848292800 18865471200 930391800 25516800 26913000 23238027849600 22486760980800 730821559200 2915383800 17529925800 1546668028 1550078098 609 999 16468 
5654218 4940679 619673 77997 15869 19566574200 18585940200 928149900 25980600 26503500 22626250022400 21880209219000 725966631000 2964493500 17109678900 1545783159 1550078398 699 999 16279 
5575431 4859503 622082 78165 15681 19555023900 18575131500 925317900 26304600 28269900 22568803197900 21831100311600 715267281000 2927273400 19508331900 1546668028 1550078698 600 998 16060 
5458572 4759358 605721 77917 15576 18953792700 17996403300 903169800 26237100 27982500 21838221870000 21118556247900 697437903600 2921286600 19306431900 1546668028 1550078998 800 999 15942 
5444687 4728188 622536 78477 15486 19003560600 18037691400 910229100 26744400 28895700 22081025818500 21354714897900 703281836400 2958178200 20070906000 1546668028 1550079299 602 0 16088 
5368260 4665106 610801 76861 15492 18764872800 17794821300 917947200 25334700 26769600 21620588766900 20880244688100 720301318200 2919736800 17123023800 1546668028 1550079598 596 998 15580 
5326705 4634554 599349 77224 15578 18305862600 17349956400 903721500 25372500 26812200 21140565571800 20406135653100 714196228800 2879474700 17354215200 1546668028 1550079898 670 998 15255 
5257525 4580703 584125 77122 15575 19006509900 18038541000 915840300 25385100 26743500 21982234648800 21237058622100 725151110400 2955493800 17069422500 1546668028 1550080198 871 997 15548 
5174951 4507262 575882 76576 15231 17898264900 16947450300 899697600 25589400 25527600 20453090953800 19722533476200 711476057700 2943069000 16138350900 1546668028 1550080498 803 998 14945 
5125429 4452577 579988 77294 15570 17611397100 16658521500 903322200 25404300 24149100 19878358226400 19146630789600 714784022700 2962182900 13981231200 1546668028 1550080798 607 997 14903 
5177819 4490672 593462 78035 15650 17916189000 16955101500 898078200 26222100 36787200 20468007213300 19733066874900 705186562500 2986657200 26767118700 1546668028 1550081098 570 999 14824 
5095986 4430113 572609 77800 15464 17666876100 16718242800 887599200 25860300 35173800 20190821955600 19463433181500 699048360000 2982207000 25358207100 1546668028 1550081398 602 998 14658 
5006978 4346638 567177 77608 15555 17852772600 16906036200 885171300 25578900 35986200 20721850732200 19992445727700 700610525400 2956934100 25837545000 1545786485 1550081698 316 994 14486 
4912207 4264430 554862 77236 15679 17222048400 16275115200 888069600 25914600 32949000 19716507661200 18988793843400 701194256400 2953784100 23565777300 1545786763 1550081998 216 999 13785 
4882255 4232078 557931 76836 15410 16984585800 16023909900 901114200 25312800 34248900 19354326250800 18600454174500 725775348000 2939699400 25157028900 1545787151 1550082298 190 998 13999 
4852154 4162774 597094 76866 15420 17388160800 16381816500 941667000 25411200 39266100 20412028295100 19620049456800 759540388800 2917226700 29521222800 1546668028 1550082598 507 995 13877 
4824429 4133420 599535 75863 15611 17417704200 16395373500 944233500 25264800 52832400 20348951462400 19550009821800 753609604800 2898162300 42433873500 1546668028 1550082898 508 999 13909 
4736897 4041472 604190 76090 15145 16898731200 15874905900 954521400 25499700 43804200 19522887718800 18716552553300 771111827700 2932284900 32291052900 1546668028 1550083198 571 999 13611 
4707814 4029797 586668 76067 15282 16818728700 15837651600 914093700 25825800 41157600 19382397886200 18626475950400 723827021100 2956425900 29138488800 1545788300 1550083498 461 998 13762 
4670493 3993240 585398 76147 15708 17110579800 16118339100 927515700 25227900 39497100 19967612198700 19186139060400 750313748400 2904909900 28254480000 1545788704 1550083798 267 998 13636 
4620174 3937194 592263 75551 15166 17375312400 16409081400 906963300 24968700 34299000 20307548855400 19561581991200 718474084200 2891297100 24601482900 1546668028 1550084098 571 996 13006 
4596724 3902239 603392 75631 15462 18254020200 17290059300 909498000 24962100 29500800 21062344985100 20321942201100 716727321600 2816221500 20859240900 1546668028 1550084398 600 999 13558 
4611675 3924318 596042 75626 15689 19224449100 18248635500 918675000 24837900 32300700 22585275285900 21833085325500 725691697500 2740931100 23757331800 1546668028 1550084698 670 999 13635 
4555899 3867850 596815 75733 15501 18109009800 17144544000 910923000 25050900 28491900 21091774722000 20350274391900 719581231500 2760645600 19158453000 1545789856 1550084998 305 999 13779 
4553834 3878384 585524 74458 15468 19978094400 19034395500 890274600 25210500 28213800 23577917688600 22864130076600 691234401600 2738877600 19814332800 1545790099 1550085298 666 999 13673 
4510114 3835650 584104 74640 15720 19672421700 18735262200 882713700 24921000 29524800 22991872364700 22284910195200 683510180700 2708781000 20743207800 1546668028 1550085598 871 999 12941 
4494877 3824565 581449 73459 15404 18650259000 17714956200 881732700 24201900 29368200 21602029161600 20903762472600 675278892300 2684808300 20302988400 1545790786 1550085898 943 997 12794 
4429970 3768661 571193 74708 15408 18858023400 17913330600 880522200 24796500 39374100 22033510725900 21320355135300 678139519800 2770208700 32245862100 1545791008 1550086198 946 999 12878 
4399130 3758825 550593 74250 15462 18747584100 17818417800 866322300 24506400 38337600 22048775469900 21349599556800 666225348600 2747061900 30203502600 1546668028 1550086498 599 999 12723 
4352017 3723845 539044 74119 15009 17826989100 16902139500 859379700 24419400 41050500 20696096890800 20000587764000 659488829100 2680787700 33339510000 1545791599 1550086798 909 999 12737 
4311127 3692659 528985 74079 15404 17501346300 16569068100 853406700 25877100 52994400 20245200099600 19533061976700 664009855200 2737379700 45390888000 1545791853 1550087098 497 999 12529 
4327678 3705807 532094 74301 15476 18329011200 17395335600 865946700 24365700 43363200 21311636124300 20596229706000 676632919200 2696278200 36077220900 1545792176 1550087398 523 997 12862 
4332412 3707364 536398 73392 15258 18529697700 17593252800 864861600 24250800 47332500 21592960803600 20878854308700 670377113100 2699911500 41029470300 1545792397 1550087698 75 999 12298 
4302553 3655232 558191 73775 15355 18034594500 17114254800 855486900 24668400 40184400 20895518402400 20201945411100 657355282800 2724876000 33492832500 1546668028 1550087998 509 997 12716 
4355908 3703037 563245 74024 15602 17988495600 17058074100 864171600 24364500 41885400 20793917270700 20095396431900 661237151400 2755189800 34528497600 1546668028 1550088298 772 997 12507 
4343685 3687918 566983 73539 15245 16964622600 16036423200 863280300 24041100 40878000 19446743085600 18747832851900 661428805800 2700645900 34780782000 1546668028 1550088598 770 997 12544 
4363158 3670644 602939 74495 15080 17821802100 16873107300 881724000 24592800 42378000 20651486691300 19932308757000 679394674800 2747353200 37035906300 1546668028 1550088898 700 998 12665 
4326403 3639034 596362 75292 15715 17849824800 16911386400 876271800 24940200 37226400 20724289683300 20017209886500 674185183200 2790088500 30104525100 1545793962 1550089198 760 997 12717 
4258673 3613537 555753 74320 15063 19351255200 18436275300 853472700 24597000 36910200 22777428303900 22088647303500 656355377700 2765427900 29660194800 1545794205 1550089498 246 999 12527 
4206485 3555386 561411 74489 15199 17942196600 17025868200 857308200 24371400 34648800 20812694838000 20126959647900 655480329300 2738041500 27516819300 1546668028 1550089798 599 992 12091 
4173997 3520243 564636 73874 15244 18045282300 17134202100 851250900 24195900 35633400 21021393041700 20345167382400 644346367500 2756449500 29122842300 1545794788 1550090098 927 998 12068 
4118899 3455533 575104 73271 14991 17163062100 16244142900 858861000 24308400 35749800 19871756615100 19198071206400 641798804100 2728503600 29158101000 1545795355 1550090398 180 999 11977 
4104093 3449084 565794 73951 15264 18436282800 17529724800 850683900 25048800 30825300 21763404670500 21106305733800 632208071400 2728504500 22162360800 1545795476 1550090698 330 998 11706 
4121807 3452637 578917 75005 15248 17677649400 16766274900 857202900 24925500 29246100 20852325808500 20187704360700 641155258800 2797713600 20668475400 1546668028 1550090998 670 995 11917 
4100622 3449202 562936 73327 15157 18008610300 17105341500 850938900 24288000 28041900 21359263499700 20695611813900 641071042500 2711207400 19869435900 1545796272 1550091299 908 0 12041 
4051060 3407433 555085 73551 14991 17397266400 16497897600 847035600 24352500 27980700 20384828601300 19736871998400 624728242200 2738539500 20489821200 1545796364 1550091598 374 998 11987 
4104518 3450965 564334 73583 15636 17591201400 16682864700 855358500 24617700 28360500 20754403680300 20094902049000 635588300100 2760775800 21152555400 1546668028 1550091898 670 994 11935 
4058636 3410785 558663 74193 14995 17138430300 16220224500 865637400 24703500 27864900 20169841463700 19471599441000 675000717600 2730208500 20511096600 1546668028 1550092198 800 997 12033 
4000789 3364252 546732 74610 15195 17745153900 16837776000 855286800 24567300 27523800 20913637448700 20227614560100 663009597300 2720056800 20293234500 1546668028 1550092498 508 999 11724 
3963289 3336102 537332 74750 15105 17728119300 16837895400 834855000 24327300 31041600 21150171792900 20485268389500 640178170200 2747512200 21977721000 1546668028 1550092798 600 991 11708 
3976695 3341565 547620 72686 14824 17536098600 16640926200 834141900 23999100 37031400 20825096023500 20162380553700 630850241400 2687910600 29177317800 1546668028 1550093098 670 986 11316 
3950833 3309048 553254 73374 15157 16576422900 15688293000 825115800 24500400 38513700 19609099307400 18956513952900 619289061300 2706128100 30590165100 1545798294 1550093398 915 992 11239 
3965931 3328900 546030 75898 15103 18564621900 17685865200 824529300 24773700 29453700 22209811431600 21553561393200 631447307100 2758671900 22044059400 1546668028 1550093698 870 995 11414 
3904376 3285454 528169 75829 14924 16926140400 16064604000 809155500 24755100 27625800 20024461765500 19378617576600 622922722500 2716707000 20204759400 1546668028 1550093998 807 993 11079 
3874319 3263916 518778 76559 15066 17820321900 16955631900 811849200 25059000 27781800 21259836766500 20604589653900 631214477100 2740629300 21292006200 1545799187 1550094298 790 998 11167 
3833379 3234465 509873 73828 15213 16947776400 16070068500 822918900 24017700 30771300 20108421473400 19432291976700 649768753500 2652494700 23708248500 1546668028 1550094598 899 998 10764 
3801343 3208673 505773 72023 14874 17683927200 16827998400 799462200 23448600 33018000 20982191933700 20302730945700 650029894500 2602276500 26828817000 1545799681 1550094898 341 996 10696 
3730224 3154974 487702 72726 14822 16349037600 15516828900 781148700 23710500 27349500 19218704422200 18541840321500 655115875500 2691890700 19056334500 1545800140 1550095198 996 999 10740 
3685750 3126381 471206 72877 15286 17055327900 16224526500 780521700 24065100 26214600 20236437641100 19550999932200 665117455200 2704437900 17615815800 1546668028 1550095498 571 995 10157 
3631789 3090785 454183 72226 14595 17113210500 16314832200 749678700 23569200 25130400 20460148917600 19788970614300 651220160700 2638504200 17319638400 1546668028 1550095798 670 997 10015 
3602737 3055850 460360 71649 14878 16982432400 16196500500 734102400 23803500 28026000 20227531882500 19584973275600 619698879600 2676239700 20183487600 1546668028 1550096098 771 998 10039 
3568003 3029920 451995 71258 14830 16365034500 15594521700 721458900 23118300 25935600 19455043458600 18820908750300 613603530000 2620860600 17910317700 1546668028 1550096398 670 998 9762 
3539292 3007464 446407 70760 14661 17496712800 16725565200 722377200 23573400 25197000 20747142924300 20110913466900 616731118800 2644052100 16854286500 1545801380 1550096698 912 998 9662 
3525277 3000561 438952 71039 14725 17721939300 16957908000 713316300 23145600 27569400 21170589254100 20536379424300 611600873100 2703200400 19905756300 1546668028 1550096998 708 995 9530 
3495849 2969682 439459 72069 14639 17564205000 16814194800 699837300 24079200 26093700 21001312683000 20385896364900 593330858400 2787400500 19298059200 1545801992 1550097298 645 997 9421 
3470809 2935353 450347 70560 14549 17036817900 16296385800 690881700 23043000 26507400 20305109553000 19684193324700 598802675400 2699246400 19414306500 1546668028 1550097598 770 998 9120 
3409658 2878225 446285 70681 14467 17199380700 16476899700 674832300 23646300 24002400 20425260981900 19819248515100 587002207500 2767378500 16242880800 1545802849 1550097899 203 0 8986 
3353776 2847919 419699 71277 14881 17060699100 16357075500 653031600 23922300 26669700 20300448390000 19715947651200 562625520000 2770572300 19104646500 1546668028 1550098198 708 989 8747 
3304447 2795797 423787 70479 14384 16526786700 15810339300 662696100 23211300 30540000 19575899902500 18974462238900 575122005900 2730588300 23585069400 1545803332 1550098498 635 997 8509 
3255713 2737778 432766 70736 14433 15859457100 15142576200 667455900 23590500 25834500 18901774849800 18304164547500 576624320400 2727558300 18258423600 1546668028 1550098798 900 998 8261 
3334724 2807291 441393 71240 14800 16931840700 16207593600 659793000 24065700 40388400 20101813123800 19512502714800 556053241800 2749620000 30507547200 1546668028 1550099098 571 995 8387 
3233457 2715379 432678 70906 14494 16637728500 15927969000 651512100 23198400 35049000 19746106442700 19167659442000 548183739900 2734475400 27528785400 1545804214 1550099398 493 996 8039 
3222027 2713238 423778 70538 14473 17592861000 16897646400 618675300 23061900 53477400 21462837281700 20892127888800 523522929000 2710359900 44476104000 1546668028 1550099698 703 995 7856 
3174551 2656570 432121 71490 14370 17784984900 17099617200 606174600 23417100 55776000 22095563418000 21523059064500 524657955300 2771315400 45075082800 1545804749 1550099998 601 992 8085 
3129005 2622188 421638 70782 14397 17519118900 16833330300 603427500 23649000 58712100 21621759725100 21045133039200 525489908400 2767163700 48369613800 1546668028 1550100298 572 999 7578 
3104828 2591304 427154 72082 14288 17612608200 16908613500 629070300 24653400 50271000 21356199933000 20754322472400 558396300900 2778988500 40702171200 1546668028 1550100598 671 999 7622 
3090813 2588804 415995 71560 14454 16754854800 16071294600 607661400 23566500 52332300 20283227190000 19708573252800 528564118500 2777451600 43312367100 1546668028 1550100898 670 998 7251 
3034565 2552709 397161 70562 14133 16291314300 15628047600 590280600 23318700 49667400 19772068106400 19206208020300 522771851400 2725189800 40363044900 1546668028 1550101198 570 992 7048 
3028767 2539692 404420 70597 14058 17091864900 16428168900 590746500 23420700 49528800 20879076212700 20305106380500 530878021500 2705388600 40386422100 1546668028 1550101498 671 997 6925 
2981876 2506200 388329 72720 14627 16569593100 15937897200 556211400 23903700 51580800 19990623025500 19442255590800 503862096000 2750038500 41755300200 1545806682 1550101798 345 999 6661 
2940276 2484807 370941 70596 13932 16982082600 16390517100 521191800 23104500 47269200 20563076414400 20057406733800 465411139200 2663412900 37595128500 1545807060 1550102098 497 998 6306 
2907779 2464489 356241 72690 14359 16723350900 16137948600 513857700 23912400 47632200 20175515264100 19671214491600 463670252400 2747486700 37883033400 1546668028 1550102398 570 998 6248 
2929786 2483508 359010 72765 14503 16886724600 16305720000 508928700 23700300 48375600 20475256339500 19968783424200 465017015700 2746173300 38709726300 1545807505 1550102698 709 998 6180 
2892407 2452098 353669 72447 14193 16838049000 16263865800 501106800 23817000 49259400 21293648033700 20793657477000 457624683000 2735100000 39630773700 1545807754 1550102998 426 998 6034 
2891930 2452927 352072 72656 14275 15940204200 15352429800 513280800 23622600 50871000 19745991436200 19236576102900 465770977500 2699274300 40945081500 1546668028 1550103298 570 991 6011 
2851313 2432649 332120 72298 14246 16203244200 15620381700 506979600 23493900 52389000 19689048685500 19189804013400 453128710500 2732848500 43383113100 1546668028 1550103598 670 996 5797 
2837087 2420415 331011 71497 14164 16282036500 15705188700 503645400 24004200 49198200 19918302920400 19393724355300 481385313000 2721722100 40471530000 1546668028 1550103898 871 993 5686 
2816221 2411310 319921 70946 14044 16460681400 15902742600 491185800 23645400 43107600 20126787587100 19644461094600 445628585700 2710070400 33987836400 1545808894 1550104198 714 989 5629 
2779308 2360227 334512 70322 14247 16650298500 16109748300 485691300 23108400 31750500 20447033248800 19983425623800 438062573400 2709299400 22835752200 1546668028 1550104498 707 997 5353 
2788504 2355446 349062 70058 13938 16267557300 15725734200 492432600 23805900 25584600 19844842326600 19382381037600 442380204000 2695085400 17385999600 1546668028 1550104798 571 999 5678 
2737525 2314089 339129 69895 14412 15234602400 14702121000 483253800 23708100 25519500 18386899547400 17927549919600 440094933600 2670722400 16583971800 1545810040 1550105098 159 995 5065 
2705888 2291698 329355 70742 14093 15115151700 14589612900 475473900 23280300 26784600 18369297303600 17880642882600 468186050400 2686226100 17782144500 1546668029 1550105398 170 997 5126 
2677197 2257983 334520 70633 14061 15057703800 14535186900 465771000 23105400 33640500 18342448634700 17894884377900 420229233300 2674589700 24660433800 1545810480 1550105698 602 998 4930 
2548718 2129147 334814 70759 13998 14547566700 14019138900 468363900 23622900 36441000 18011241442200 17552264509800 427484652300 2722725300 28769554800 1545810718 1550105998 707 999 4927 
2527713 2103571 337525 72594 14023 14781894900 14230146000 497874300 24505800 29368800 18377953303200 17869231064700 485273316600 2716331100 20732590800 1546668028 1550106298 596 993 5115 
2494249 2076837 331972 71428 14012 14311069800 13775003400 487483800 23275500 25307100 17458722413100 16984539641100 453804472800 2639607300 17738691900 1545811454 1550106598 438 997 4799 
2458291 2040868 332833 70533 14057 13798357500 13188158100 561065100 23301300 25833000 16892994702600 16307295686100 564542865600 2541391200 18614759700 1545811653 1550106898 870 998 4986 
2427676 2018322 324628 70510 14216 13224681300 12645606300 530790000 22998600 25286400 16292496174600 15738123490500 533565067200 2517301800 18290315100 1546668028 1550107198 709 993 4654 
2394823 1989110 322547 69170 13996 13336564800 12704882100 583161300 22629000 25892400 16396736757300 15764178296700 611224853700 2519756100 18813850800 1545812310 1550107498 31 998 4670 
2353861 1962664 307389 69766 14042 13465952100 12891898200 524538000 22664100 26851800 16653623923500 16096477609200 535249223400 2520474900 19376616000 1546668028 1550107798 772 985 3999 
2341993 1936947 319785 71202 14059 13752426900 13218399000 483855600 23061600 27110700 17061106435800 16556543628600 482276949300 2515457100 19770400800 1545812972 1550108098 360 994 4194 
2312493 1913715 316500 68558 13720 13477267500 12962562300 466515900 22401900 25787400 16608951059700 16123541496000 464701822500 2483704800 18224036400 1546668028 1550108398 600 998 4428 
2318418 1915656 320860 67842 14060 13394556000 12898558800 446391000 22106700 27499500 16391331593700 15914575568400 454607597100 2435193600 19713234600 1546668028 1550108698 670 994 4080 
2290638 1897193 311391 68275 13779 14070584400 13572056100 450645300 22310400 25572600 17496100611600 17024602443600 450906718800 2464379100 18127070100 1546668028 1550108998 803 999 4139 
2261200 1880012 298451 69050 13687 14136332400 13602953400 484625700 22399800 26353500 17571536661300 17031461116200 518685489300 2432867700 18957188100 1546668029 1550109298 70 997 4190 
2235042 1859974 292683 68447 13938 12262942200 11787076200 426489000 22056900 27320100 15183586155300 14723240892300 437897479800 2442973200 20004810000 1546668028 1550109598 571 984 4092 
2296320 1903058 309831 69019 14412 12909477300 12396515100 461814900 22523700 28623600 16092378723900 15587306504400 481826896500 2490897900 20754425100 1545814636 1550109898 166 996 4242 
2300101 1897921 319021 69253 13906 13670101500 13185411900 433171800 22543200 28974600 17058011857200 16590817983300 443366434800 2451066600 21376372500 1546668028 1550110198 870 985 4224 
2282817 1871458 329317 68359 13683 13337365200 12772442100 500920800 22182300 41820000 16613167373700 16032569779500 542470765800 2477348100 35649480300 1546668028 1550110498 507 995 4145 
2235815 1820221 331691 69985 13918 13463405100 12864832500 530526000 23076900 44969700 16634862474300 16067962044600 526987165500 2535543900 37377720300 1546668028 1550110798 509 995 4259 
2242003 1832243 323409 72694 13657 14313521400 13714463700 526428000 24368700 48261000 17550894411000 17048912379000 458476692900 2648825100 40856514000 1545815903 1550111098 267 999 3836 
2240402 1832842 320044 73556 13960 13370338200 12798157200 502497900 24941700 44741400 16401909021900 15936433986600 425881247700 2722867800 36870919800 1546668028 1550111398 996 999 4238 
2206300 1812993 306897 72373 14037 13492512000 12954185400 453573000 23784900 60968700 16604218300500 16112418259500 434560481700 2631501300 54608058000 1546668028 1550111698 570 990 3923 
2212658 1825253 302129 71539 13737 13632735600 13115509500 437702100 23375100 56148900 17067710197500 16582305466800 432811317000 2575024800 50018388900 1546668028 1550111998 571 998 3903 
2206676 1822035 297886 72881 13874 14678185800 14192751000 426735000 24000900 34698900 18641080573500 18184727918700 427547561700 2572391100 26232702000 1546668028 1550112298 671 991 3686 
2207870 1816504 303048 74708 13610 15027277200 14565591600 406083300 24470400 31131900 18932416972500 18541599201900 365047611300 2596605600 23173553700 1546668028 1550112598 696 998 4009 
2171776 1784351 301583 72157 13685 15174265800 14723978400 392029200 23624100 34634100 19373221716000 19006933668600 336466472400 2572641000 27248934000 1546668028 1550112898 870 994 3577 
2169079 1788558 296146 70892 13483 14823728700 14397496200 373572600 22853100 29806800 18693144949800 18334499952600 333559210200 2544667500 22541119500 1546668028 1550113198 570 995 3683 
2195903 1808824 302129 70562 14388 14954862000 14517330000 384838800 23060700 29632500 19075998684900 18706378020600 344652335400 2556838800 22411490100 1546668028 1550113498 570 995 3857 
2170941 1788305 298127 70955 13554 14468546400 14026462800 385174800 23392500 33516300 18324896237700 17961769880400 333707382300 2559371100 26859603900 1546668028 1550113798 771 998 3710 
2195076 1800812 308305 71904 14055 14327185500 13867427100 388372500 23346000 48039900 17876302792500 17499099947400 330976202400 2580178200 43646464500 1545818803 1550114098 263 995 3827 
2182816 1791093 306744 71049 13930 13800330600 13339533300 385627800 23244900 51924600 17083523890500 16699374506700 334529288700 2611188900 47008906200 1546668028 1550114398 671 987 3914 
2129972 1757313 288477 70436 13746 12882097800 12432345000 379810500 22970700 46971600 15997104979500 15597905565300 357181552800 2512841400 39505020000 1546668028 1550114698 509 997 3730 
2110066 1742063 283265 70723 14015 14280411900 13826895600 378778800 23052600 51684900 18444505478400 18037316119500 356407529400 2537158200 48244671300 1546668028 1550114998 671 991 3584 
2136566 1766531 285344 70554 14137 14119920600 13671956400 374305500 22842000 50816700 18263288323200 17835139566900 380450727000 2520782400 45177246900 1545820251 1550115298 489 998 3706 
2135540 1757608 294056 69989 13887 13845524100 13389489300 380468400 22786200 52780200 17531313411000 17088622227000 392725446900 2521686600 47444050500 1546668028 1550115598 571 996 3710 
2136079 1758076 294945 69414 13644 12594420000 12158623800 360563100 22408200 52824900 15867541269000 15467061844500 349642035600 2529918600 48307470300 1546668028 1550115898 870 992 3866 
2129392 1744040 301009 70342 14001 12554448600 12104389800 378244800 23635800 48178200 15819076824600 15420908234700 352645711800 2550749100 42972129000 1546668028 1550116198 708 996 3618 
2099067 1724144 289858 71351 13714 12634101900 12135680100 423032100 24602400 50787300 15958322285400 15505002078900 405907942500 2625027600 44787236400 1546668028 1550116498 703 995 3449 
2104997 1728095 291611 71406 13885 12251673000 11715095700 457540800 23873700 55162800 15264861203100 14788763753100 422355174300 2632647000 51109628700 1546668028 1550116798 611 996 3626 
2156339 1773630 295911 72381 14417 12119383500 11588427900 449841000 24315600 56799000 15060393858000 14639049627900 368478230400 2627902500 50238097200 1546668028 1550117098 671 988 3813 
2162911 1765582 311028 72611 13690 11482884000 10939027200 477466200 24272400 42118200 14385058803000 13967264616900 379348150800 2639682600 35806352700 1545822224 1550117398 816 996 3889 
2191742 1780692 323855 73280 13915 11811433200 11187568200 552138600 25992000 45734400 15240675427200 14773736914200 424385719200 2721144300 39831649500 1546668028 1550117698 608 991 3814 
2208025 1774425 347406 72431 13763 11583150300 11036519100 472492800 26731800 47406600 14894231445000 14480706945300 369903166200 2889703800 40731629700 1546668028 1550117998 670 997 3914 
2198815 1778982 335259 71052 13522 12016403100 11482053300 449594100 24343200 60412500 15112401641700 14668435534800 386469634200 2656310400 54840162300 1546668028 1550118298 870 998 4009 
2212998 1796814 329938 72335 13911 12543017400 12004017000 456566400 24108900 58325100 15967239295800 15511113150000 400178718300 2608953600 53338473900 1546668028 1550118598 670 988 4042 
2170298 1777140 308193 71085 13880 13257930900 12774042900 403949400 23316900 56621700 17087776438200 16662501121200 371239203900 2595732300 51440380800 1545823802 1550118898 771 999 3897 
2157546 1770567 301892 71378 13709 14028414600 13528314900 418102500 23221200 58776000 17865119049900 17408859280500 398594710800 2579683200 55085375400 1545824131 1550119198 778 992 3948 
2172096 1783941 303774 70604 13777 13764400800 13240594200 447871200 23468100 52467300 17573482293600 17086970501700 437005552500 2572268700 46933970700 1546668028 1550119498 570 999 4178 
2166366 1786730 294550 70946 14140 13669617600 13174742100 419632800 23190900 52051800 17330639264700 16884338797200 398071910100 2554841400 45673716000 1545824488 1550119798 485 999 3947 
2138870 1775014 280005 70146 13705 12520174800 12094435200 348805500 22769400 54164700 15676086678600 15317510814000 307114956300 2589498000 48871410300 1546668028 1550120098 570 991 3997 
2155854 1789984 280689 71111 14070 12456373500 11981838000 401051100 23416800 50067600 15444419950800 15003362946600 394253043900 2613126300 44190834000 1546668028 1550120398 670 980 4104 
2284359 1898024 299494 72504 14337 12682530000 12206396400 399933900 23930400 52269300 16139040421200 15739129369500 350265775200 2622288300 47022988200 1545825589 1550120698 176 997 4585 
2335282 1934674 312833 73676 14099 13214347500 12685184400 453475500 24272100 51415500 16592448356100 16121715645000 422051712900 2657193000 46023805200 1546668028 1550120998 671 994 4693 
2387975 1993087 307479 73100 14309 13698998400 13145202600 479880300 24069600 49845900 17132028666300 16639502954400 445295004900 2645517000 44585190000 1546668028 1550121298 511 999 4957 
2393134 1993042 312864 73207 14021 12699874200 12178420200 445922100 24239100 51292800 15694467068400 15259391853900 386756632200 2687154900 45631427400 1546668028 1550121598 571 995 4889 
2432798 2045710 300712 72293 14083 11916098400 11334219000 503162400 24605400 54111600 14702620624200 14198072584800 453243071700 2667519600 48637448100 1546668029 1550121898 2 999 5258 
2491888 2086505 318468 72878 14037 11875078500 11322281100 475860900 24780000 52156500 14471062642800 14028396410100 393041015100 2673618600 46951599000 1546668028 1550122198 671 975 5684 
2581547 2188652 306133 72392 14370 12291878400 11846594400 370573200 23720700 50990100 15135980446200 14777368945200 309994289100 2647946700 45969265200 1545827450 1550122498 303 988 5815 
2658577 2266760 305681 71999 14137 12458728200 11999558100 383627100 23506500 52036500 15143229222000 14770653267000 323234892600 2630413200 46710649200 1546668028 1550122798 870 977 6175 
2764014 2361646 316341 71810 14217 12731084700 12270797100 383712300 23335800 53239500 15467865088200 15093732533700 323385925200 2643763800 48102865500 1546668028 1550123098 608 994 6545 
2930213 2510827 331427 73346 14613 13013441100 12535115700 401040000 23924700 53360700 15647135124300 15262949492700 334332729600 2674162800 47178739200 1546668028 1550123398 570 993 7283 
3057504 2640342 329523 73583 14056 13010001900 12517186200 414576600 24040200 54198900 15721787867100 15323305931400 348503783400 2668737900 47309414400 1546668028 1550123698 771 963 7886 
3189701 2761774 338972 74567 14388 13666769400 13164679500 422124000 24671100 55294800 16468211409000 16048909797900 366608516700 2788712700 49904381700 1545828827 1550123998 916 995 8629 
3468942 3004949 375093 74290 14610 14411236800 13936311600 397453200 24195600 53276400 17270294224500 16880460843600 340401380100 2763431700 46668569100 1546668028 1550124298 770 963 10020 
3614159 3141647 383456 74307 14749 13972201500 13506178500 397333200 24105300 44584500 16650379344300 16255356013800 354705987300 2734473900 37582869300 1545829424 1550124598 280 995 10868 
3719329 3254420 376723 73609 14577 13663964700 13096790100 498852000 23962500 44360100 16286719242600 15758303895900 487902934200 2708260200 37804152300 1545829821 1550124898 679 991 11477 
3868894 3392840 386402 74759 14893 13547676300 12985106400 490729200 24430200 47410500 16030007009100 15503727384000 482026662600 2791876500 41461086000 1545829937 1550125198 912 996 12604 
4056178 3572455 394633 74227 14863 13890036600 13350014700 465888900 24134100 49998900 16337519559900 15883759666500 406313299500 2806284000 44640309900 1546668028 1550125498 570 997 13051 
4267248 3759888 416162 76463 14735 14352495000 13739074800 540762000 24989700 47668500 16899511592700 16412684084400 441544392000 2866194300 42416922000 1545830795 1550125798 198 988 14209 
4515255 3978007 443509 78189 15550 15661662300 15043053600 535007400 25918200 57683100 18801850073100 18316152231000 429227410500 2920209300 53550222300 1546668028 1550126098 770 994 15573 
4742816 4204966 444376 78597 14877 16782386100 16169864400 536041800 26219700 50260200 19772242693500 19281173133000 443495202600 2988803100 44585554800 1546668028 1550126398 670 994 16596 
4955016 4406727 454905 78161 15223 17071423200 16446167700 552210000 25784400 47261100 20039884492800 19530332047500 464954703900 2941734000 41656007400 1546668028 1550126698 670 995 17349 
5148174 4596385 456303 79856 15630 16696463700 16064817900 558264900 26682000 46698900 19457342759400 18944611451100 469360911600 3005133000 40365263700 1546668028 1550126998 808 994 17850 
5368527 4809344 464136 79694 15353 16789797000 16152168000 562394400 26173200 49061400 19478222798400 18946546875000 484609671900 2998008300 44068243200 1546668028 1550127298 571 992 18254 
5586789 5018624 470887 81628 15650 17305001700 16653588600 578049000 26965800 46398300 20056689776400 19524430398000 488715067500 3134967300 40409343600 1546668028 1550127598 770 996 19053 
5892802 5297489 496468 82982 15863 17614925400 16951806300 590613600 27686700 44818800 20392712136300 19847457245400 503902277700 3072520500 38280092700 1545832773 1550127898 730 999 20037 
6103998 5501628 503777 82940 15653 17759386800 17083782300 604459800 27555900 43588800 20204844306600 19651517359500 513258623100 3091100700 36977223300 1546668028 1550128198 700 998 20332 
6249969 5648119 503831 82173 15846 18141689400 17425435200 636504300 26985300 52764600 20751030644700 20137935624300 564064634700 3024352200 46006033500 1545833269 1550128498 965 998 20977 
6338309 5726550 514363 81277 16119 18405313200 17675703300 659656800 26677200 43275900 20943804644100 20312257942500 592249236600 2971803000 36325662000 1546668028 1550128798 800 998 20886 
6434848 5817390 520906 80599 15953 18347725200 17641589700 635456400 26720400 43958700 20957188056300 20371931216700 545766702600 2999142600 36490994400 1546668028 1550129098 571 997 20799 
6615718 5950118 568373 81295 15932 18193656300 17427827100 700609200 27027000 38193000 20652468256800 20055769715700 565090541400 3017846400 28590153300 1546668028 1550129398 670 996 21891 
6736564 6065297 575405 79572 16290 19090139700 18282641700 736268400 26395200 44834400 21946692774300 21224754904800 682789570800 2940661500 36207637200 1546668028 1550129698 570 999 22059 
6827621 6180731 551711 79295 15884 20209223700 19418649000 713844600 25783500 50946600 23352861061200 22660611333300 647493585900 2904136800 41852005200 1545834741 1550129998 876 999 22963 
6892619 6241487 551652 83156 16324 20219612700 19453201200 696352800 28043100 42015600 23445931315200 22859210682000 549626206800 3053243700 34041182700 1546668028 1550130298 808 996 23204 
7158222 6373492 681883 86488 16359 19673880300 18638255100 973700400 29922600 32002200 22514296754100 21681039787800 807027831600 3262344900 22966789800 1545835331 1550130598 82 994 23843 
7379359 6557972 718441 86473 16473 19705137600 18704105700 939318300 29307900 32405700 22616545332900 21742659583200 846976879500 3224244000 23684626200 1546668028 1550130898 696 991 24607 
7411954 6677855 632753 84903 16443 19753869300 18874237200 818774700 28441800 32415600 22493334693900 21763706167200 703240997700 3140346000 23247183000 1546668028 1550131198 570 999 25125 
7637879 6928893 606211 85841 16934 20505252900 19546878300 891703200 29516100 37155300 23295484064700 22513661921400 750323538300 3238532400 28260072600 1546668028 1550131498 870 999 25659 
7842069 7128296 612084 84741 16948 20428288500 19538173800 823489500 29366400 37258800 22996401930900 22313394857400 651497627700 3191004300 28318441500 1546668028 1550131798 699 997 26116 
8096500 7253769 740251 85894 16586 21354629100 20211830100 1074892500 29604600 38301900 24025021969500 23093617486500 898928607900 3232654500 29243220600 1545837074 1550132098 710 999 27143 
8145485 7315672 727043 85794 16976 20657115600 19479000300 1110082800 29668500 38364000 23222762686500 22250938249200 939525440400 3198121200 29100875700 1546668028 1550132398 870 998 27180 
8086285 7336362 647413 85761 16749 20856186600 19781981400 1007548800 29426700 37229700 23804652440700 22918217310000 856666190100 3252627300 26516313300 1545837666 1550132698 914 995 26836 
8141219 7395261 643191 86091 16676 21070691400 20067754200 938024100 29170200 35742900 23966332766100 23161798507800 776005135500 3237243600 25291879200 1546668028 1550132998 870 995 26983 
8268708 7524938 643721 83336 16713 21412350300 20490387600 858524700 27910500 35527500 24415860097200 23662178979900 725642241900 3175260600 24863614800 1545838153 1550133298 765 996 27295 
8414309 7652361 660915 84497 16536 22211784600 21218277600 929953500 28268400 35285100 25168704500400 24362821691400 778048550700 3268489200 24565769100 1546668028 1550133598 671 999 27884 
8563691 7801102 662049 83190 17350 23213541600 22286403900 864104100 27417000 35616600 26552214159300 25747857282000 776380263900 3311837700 24664775700 1546668028 1550133898 507 996 28243 
8600745 7839654 660545 83137 17409 23310686100 22377528600 870246900 27349200 35561400 26608866835800 25811224653300 769908472800 3207816300 24525893400 1545838892 1550134198 554 999 28197 
8639432 7852613 686823 83178 16818 22625028600 21667479000 895036200 27276300 35237100 25683813309000 24837234284700 819286363500 3214154100 24078506700 1546668028 1550134498 907 998 28279 
8720208 7926782 693750 82780 16896 21672116400 20674036500 935742900 27451200 34885800 24358186423200 23465058426900 866427840900 3230471100 23469684300 1545839530 1550134798 43 998 28154 
8917973 8102223 714636 84116 16998 21420405000 20440445700 914144700 27482700 38331900 24254666255100 23313651507900 911118181200 3270153300 26626412700 1545840021 1550135098 205 997 29185 
8991258 8203066 687806 83525 16861 22134089700 21154762800 913877700 27564000 37885200 25188334302600 24323286137700 836141287500 3214269900 25692607500 1545840279 1550135398 149 998 29756 
9105900 8290661 712807 85493 16939 22161782400 21080676600 1010268300 28935300 41902200 24815507818200 23892325799400 890030927400 3299593200 29851498200 1545840432 1550135698 380 999 29607 
9138573 8317099 717438 86859 17177 21951881700 20847792000 1026566100 29341500 48182100 24574644121200 23563917000600 971649705000 3341095500 35736320100 1545840716 1550135998 465 997 30056 
9165856 8329843 732198 87106 16709 22111929900 20977182600 1061603700 29306700 43836900 24823485733500 23799408047700 989215547400 3340059000 31522079400 1545841237 1550136298 99 998 29851 
9121934 8310881 704704 89203 17146 21611017200 20356143300 1183858500 30893700 40121700 23999378293200 22939460392800 1028455654800 3401334000 28060911600 1545841466 1550136598 218 998 29640 
9161374 8381938 674593 87944 16899 21855308400 20723208300 1061519700 29622600 40957800 24392437884000 23372509239900 987449780400 3410452800 29068410900 1546668028 1550136898 696 995 30080 
9230789 8456268 671987 85981 16553 21559590000 20535999000 956811300 28534800 38244900 24100247835300 23153438901900 915843726300 3246975000 27718232100 1546668028 1550137198 602 999 30267 
9332804 8546036 683913 86184 16671 22110395700 21057694800 983321100 28615200 40764600 24682129037400 23709444201000 939418287000 3216497400 30050052000 1545842264 1550137498 960 993 30935 
9285783 8490898 690146 87948 16791 22063092300 20969208300 1024775100 29114700 39994200 24683348525400 23553936556500 1096192863600 3339924900 29879180400 1545842760 1550137798 178 997 30648 
9424262 8619129 702320 86246 16567 22143910800 21001058700 1069845000 28389600 44617500 25060033488900 23780919996900 1240917216000 3247704300 34948571700 1545842994 1550138098 57 999 31177 
9432985 8633628 696388 86313 16656 21935053500 20824156200 1043986500 28437600 38473200 24594069988800 23481161881800 1082424893400 3243488100 27239725500 1546668028 1550138398 507 996 32040 
9652303 8820479 728154 86734 16936 22335980100 21156672900 1107746700 28895100 42665400 25008439122300 23817159445800 1156009743000 3239953200 32029980300 1545843387 1550138698 801 999 32124 
9643111 8811865 728527 86140 16579 21737693100 20579513700 1085246400 28656300 44276700 24292666582800 23123598048900 1133247509700 3252445800 32568578400 1545843765 1550138998 694 999 31834 
9503185 8676506 725995 83951 16733 22003442700 20841222000 1096344300 27571200 38305200 24795895218300 23708364546900 1058022083100 3148362300 26360226000 1545843990 1550139298 172 996 31484 
9549284 8720030 728209 83462 17583 21340268700 20189176800 1078693200 27470700 44928000 23677712662800 22615501432800 1025638595400 3160305300 33412329300 1546668028 1550139598 571 999 31283 
9495044 8670081 724926 82759 17278 22028934900 20904497700 1052160600 27668400 44608200 25010112041700 24006157550100 967174527600 3184298700 33595665300 1546668028 1550139898 570 997 31267 
9525958 8698809 726820 83140 17189 21813192600 20615017500 1131009600 27584400 39581100 24344561125200 23200985851800 1111695087000 3197278500 28682907900 1546668028 1550140198 571 999 31717 
9454378 8619589 733568 83742 17479 22442514000 21314985900 1058511300 28353600 40663200 25646694374400 24589872860700 1024277388300 3261280200 29282845200 1545845334 1550140499 655 0 31325 
9468789 8634639 731856 84996 17298 22112940000 21015906000 1027508400 27942600 41583000 24861024798000 23821147007700 1004926832400 3301412400 31649545500 1545845529 1550140798 654 994 31509 
9407872 8562069 743942 84327 17534 21338563800 20220601800 1047922800 27975300 42063900 23873076346500 22768545967800 1070018580300 3276366900 31235431500 1545845880 1550141098 648 999 31620 
9315045 8473528 739266 84835 17416 21356836500 20283493800 1005090300 27783900 40468500 23947924928100 22896720830400 1018386620400 3262533300 29554944000 1545846373 1550141398 478 998 31452 
9349663 8505106 742927 84265 17365 22193687700 21152975100 972542100 27708300 40462200 25109216084400 24099196038300 977152621200 3241436400 29625988500 1545846402 1550141698 236 990 30587 
9190162 8363538 723776 85335 17513 21774201900 20715404700 982118400 28100100 48578700 24501698717400 23467236923100 993410116200 3310948500 37740729600 1545846977 1550141998 578 998 30654 
9284267 8432417 749477 84542 17831 21890918400 20795221500 1020101700 27903000 47692200 24615098711700 23564928882600 1010319971400 3349208700 36500649000 1545847220 1550142298 184 998 30916 
9305516 8456966 746225 85261 17064 21642117600 20561435100 1012894500 28317900 39470100 24305433491700 23286470208300 987341913000 3358449300 28262921100 1545847428 1550142598 852 998 30189 
9273704 8426671 745936 84462 16635 22389836100 21258900600 1060818900 28601700 41514900 25174897576500 24100762090800 1040134193100 3385025400 30616267200 1546668028 1550142898 571 999 30493 
9280046 8436408 741943 84682 17013 22469841000 21372723000 1027142100 28168800 41807100 25192997750100 24158227370400 999220524600 3374805000 32175050100 1546668028 1550143198 571 998 30148 
9369598 8508867 758273 85630 16828 22781032200 21632850300 1078939500 29044800 40197600 25872135672000 24811580784300 1027124139900 3452333700 29978414100 1546668028 1550143498 608 998 30541 
9330591 8470534 758016 85129 16912 22904557500 21727860300 1106097300 28072800 42527100 25878073256700 24803920738500 1039005706500 3325590900 31821220800 1545848593 1550143798 270 999 29999 
9270759 8410108 758740 85010 16901 23145946200 22011590100 1062459900 28856100 43040100 26260223007000 25196331173400 1028218239900 3319768200 32353825500 1546668028 1550144098 570 997 30577 
9290691 8432867 756151 85043 16630 22819151700 21654845100 1092128400 28257300 43920900 25585747881000 24509360001900 1041169179900 3293083200 31925616000 1546668028 1550144398 670 999 30249 
9278250 8442395 734410 84221 17224 23407594200 22277755800 1061121300 28033200 40683900 26701742056200 25657617126300 1012462183500 3304367400 28358379000 1545849569 1550144698 269 999 30681 
9246927 8415433 729106 85489 16899 23603786700 22528831500 1005067200 28278600 41609400 27152796912000 26120034675900 1000257674400 3263934000 29240627700 1545849826 1550144998 406 999 29319 
9250929 8432244 718355 83611 16719 23390601900 22362517800 957919500 27677400 42487200 26819739632100 25809589103700 976306122000 3225946200 30618460200 1546668028 1550145298 508 998 29958 
9158300 8349039 708354 84117 16790 22841629800 21811286400 961052400 27801300 41489700 26250409165500 25267695548400 949294470300 3251343900 30167802900 1546668028 1550145598 570 999 29801 
9272686 8440014 731218 84278 17176 23056761000 22012011000 974453100 27916500 42380400 26369538641100 25364685054900 970994430900 3240886200 30618269100 1545850669 1550145898 690 999 29920 
9242439 8430586 709630 84958 17265 22966333200 21943221000 951735000 28056300 43320900 25887449793600 24901170597000 951804188400 3288615900 31186392300 1546668028 1550146199 509 0 30167 
9203140 8390374 711744 84185 16837 23129528700 22090901400 967079400 28314300 43233600 26116681112100 25106515566900 975295774800 3289257000 31580513400 1545851458 1550146498 264 999 29634 
9231614 8414738 714932 84722 17222 22647401400 21577841100 995284200 28146300 46129800 25442506994400 24407350298100 998420602200 3233642700 33502451400 1546668028 1550146798 771 999 29189 
9157844 8370339 687731 82637 17137 22721112600 21671847300 971493600 27143100 50628600 25773530379600 24755496392100 976413305700 3173627400 38447054400 1546668028 1550147098 670 998 29230 
9132344 8339396 693245 82476 17227 23458132800 22406611500 974278500 27763800 49479000 26693403214500 25748447118600 903663526200 3246190500 38046379200 1545852226 1550147398 320 999 28585 
9044980 8262622 682606 82324 17428 23564732100 22543060200 948003000 26985000 46683900 27129739364100 26171136455400 920793369000 3143970600 34665569100 1545852509 1550147698 744 998 28452 
9030322 8238560 692001 82689 17072 22979806200 21891562800 1009252500 27196500 51794400 26106909762900 25114103147100 949937857800 3192143400 39676614600 1545852983 1550147998 472 998 28434 
9072040 8264990 706253 83149 17648 22849260600 21791252400 980214900 27357900 50435400 25860025173600 24862881322800 956620000800 3185223000 37338627000 1545852980 1550148298 979 999 27460 
8963592 8151477 712182 82620 17313 23097625500 22044104400 968516400 28019700 56985000 25962189816900 25049405694600 865229694300 3201473700 44352954300 1546668028 1550148599 972 0 27617 
8916907 8111891 705879 82097 17040 22995933000 21968247600 947502600 26886900 53295900 25795587684000 24944360517900 808947960300 3137489100 39141716700 1546668028 1550148898 570 999 26667 
8813746 8022215 691586 82841 17104 21554715000 20535275100 940353000 27025800 52061100 24070220157900 23119753216200 909457007400 3170936100 37838998200 1546668028 1550149198 907 999 26007 
8819248 7991212 727364 83076 17596 21662083200 20654979300 938487600 27497700 41118600 24159258776400 23359247949900 767640813900 3158481600 29211531000 1546668028 1550149498 571 999 26955 
8765783 7942085 723206 83375 17117 21750017100 20668797000 1016101800 27517800 37600500 24125667581700 23273321180700 822267391200 3192695400 26886314400 1546668028 1550149799 571 0 26425 
8664069 7866736 697537 82690 17106 21966912900 20938784700 958557000 27461100 42110100 24693142827300 23902315488900 755450732400 3196925100 32179680900 1545854958 1550150098 396 997 26019 
8553122 7765069 688529 82119 17405 21505542300 20474389800 956132400 27108300 47911800 24054043914000 23138461889700 874557826200 3152803800 37871394300 1545855206 1550150398 64 999 25184 
8501345 7713206 690527 80872 16740 21832722900 20777440800 983735100 26293500 45253500 24236213287800 23324845821000 873164188200 3026773800 35176504800 1546668028 1550150698 771 998 25494 
8422204 7636703 688156 80180 17165 20852409900 19791488100 994455000 26242200 40224600 23108673409500 22154242693500 921975213000 2977965600 29477537400 1545855775 1550150999 81 0 24220 
8351776 7553043 701521 80151 17061 20952390600 19907811300 979052400 26180100 39346800 23307596691900 22412592029100 863648018400 2995801500 28360842900 1545856215 1550151298 658 999 24402 
8329872 7532455 701179 79317 16921 21794912100 20706782400 1022568600 26645100 38916000 24584210904600 23469101200500 1084263784200 2980313700 27865606200 1545856288 1550151598 515 999 23886 
8257998 7490824 671001 79308 16865 21491827800 20397294900 1029279000 26044500 39209400 24479523616800 23350745811600 1098255016800 2991425100 27531363300 1545856623 1550151898 297 999 23921 
8209328 7445886 666052 80279 17111 21334083900 20270686200 995782800 26069400 41545500 24198730502700 23120253544200 1045626529200 2989255200 29861174100 1545856887 1550152198 847 999 23959 
8085539 7331487 657831 79315 16906 21391173600 20360309400 964746600 26126700 39990900 24086332182300 23069842642800 983349646500 3027862200 30112030800 1545857280 1550152498 75 999 23654 
8062235 7301395 664953 79062 16825 21836495100 20798391900 970670400 26190600 41242200 24775077699000 23706583499100 1034748988800 2982262500 30762948600 1545857787 1550152798 523 998 23314 
8016052 7262791 656552 79615 17094 21467503500 20456327400 943864200 26232600 41079300 24229140213300 23245031172300 951366940200 2986030200 29756070600 1546668028 1550153098 670 999 24044 
7974068 7217685 660604 79266 16513 21609515400 20568467700 972007800 26006100 43033800 24239283768300 23252008082400 952236367500 2938098600 32101219800 1545858263 1550153398 664 999 23205 
7916942 7156839 663858 79431 16814 22199117400 21152668500 975076800 26441100 44931000 25021525085100 24033772566300 950472324300 3057304200 34222890300 1545858462 1550153698 168 997 22226 
7835249 7078550 660593 79152 16954 21659983800 20622798900 964446600 26295600 46442700 24498106565700 23506394335800 952072630200 3044769000 36594830700 1546668028 1550153998 607 999 22778 
7691829 6954623 643351 77450 16405 21407756100 20380421700 947027700 25439100 54867600 24212454429600 23247256737000 916651502700 2869601700 45676588200 1545859075 1550154299 258 0 22155 
7665434 6911299 658562 78643 16930 21395827500 20342004900 971981400 26113500 55727700 24006549696300 23012132514600 945884910600 2966928900 45565342200 1545859309 1550154598 243 997 21937 
7544311 6785255 663960 78304 16792 22429258500 21355135800 1001838900 25923900 46359900 25697893694400 24666047718000 992270941200 2959031400 36616003800 1545859617 1550154898 804 999 21791 
7476917 6733754 648496 78086 16581 21388892400 20322338700 998719200 25668000 42166500 24588128033100 23505667636800 1047148952100 2927597700 32383846500 1546668028 1550155198 570 999 21958 
7451640 6703350 652967 78644 16679 21402881700 20354247300 977840100 25970100 44824200 24473905274100 23401236593700 1034000608200 3047055600 35621016600 1545860369 1550155498 48 999 21777 
7321499 6566966 660001 77850 16682 21665196900 20535156300 1061228400 25393800 43418400 24823319660400 23679431226900 1106675961600 2969499600 34242972300 1545860513 1550155798 816 999 21581 
7298552 6541094 663594 77478 16386 21351633000 20238892800 1044026400 26023800 42690000 24490991184600 23324441026200 1130430416400 3020740800 33099001200 1545860820 1550156098 260 999 21179 
7229593 6457728 677881 77456 16528 20568377400 19479091800 1019560500 26976900 42748200 23462024153100 22342990455300 1082935937700 3067827900 33029932200 1545861284 1550156398 327 999 21074 
7206869 6454920 656680 78323 16946 21909152400 20887300200 950517600 25637400 45697200 25771383592200 24731811236400 1001410990500 2945950200 35215415100 1546668028 1550156698 571 999 21037 
7197404 6456397 645575 78803 16629 21125485500 20107835100 950151000 25674300 41825100 24071791662900 23080321971000 955585158900 2954780700 32929752300 1545861874 1550156998 666 998 20874 
7141798 6401000 645767 78295 16736 21146900100 20141531100 938281800 25774500 41312700 24172383609300 23238335941500 899335975500 2919304200 31792388100 1545862078 1550157298 443 999 20347 
7098449 6341863 662576 77466 16544 20759915100 19746106800 945318000 25157100 43333200 23503627927800 22580956849200 886356120600 2862942600 33452015400 1545862496 1550157598 367 997 20664 
6971691 6230973 647793 76495 16430 21593119200 20578056300 937373400 25107300 52582200 24908041461300 23993136119100 869208933900 2894271000 42802137300 1546668028 1550157898 670 999 19842 
6857581 6127818 636074 77372 16317 21625632900 20620918800 926889000 25151700 52673400 24876557830800 23938167897000 892049854200 2859247200 43480832400 1546668028 1550158199 896 0 19492 
6812248 6091788 626446 77635 16379 21404440500 20414224200 913517700 25593900 51104700 24562908745200 23636848741500 881200813800 2902334700 41956855200 1546668028 1550158499 670 0 19480 
6762177 6061723 607842 76412 16200 21259439700 20266899300 917122500 25094100 50323800 24433765706400 23500302755700 888454326000 2878864800 42129759900 1545863685 1550158798 592 999 18450 
6677028 5972208 612288 76480 16052 20605891500 19584704400 945277800 24909300 51000000 23556360546300 22582499734800 929511886500 2871248400 41477676600 1545864004 1550159098 371 999 18583 
6613948 5909162 610951 77429 16406 20086025100 19074316800 934214400 25325400 52168500 22796109939000 21834894720000 915632486100 2873233200 42709499700 1545864138 1550159398 298 999 18686 
6517142 5834212 590605 76419 15906 19711128600 18710142000 925269300 25291500 50425800 22290865840800 21337370278500 908793935400 2874442200 41827184700 1545864504 1550159699 888 0 18521 
6459828 5778419 588466 76801 16142 20660637600 19705412700 880933500 25054500 49236900 23512981818000 22664911322100 804381042900 2869185600 40820267400 1546668028 1550159998 571 998 18217 
6508090 5796228 617817 77703 16342 19763714400 18825416100 852810600 26078400 59409300 22532472295500 21710065936800 768843907800 2910449700 50652001200 1546668028 1550160298 509 997 18641 
6401425 5694065 614103 77281 15976 18960103500 17980262400 893721600 25267200 60852300 21453191423400 20530637313300 866757215100 2900139300 52896755700 1546668028 1550160598 570 999 17646 
6353188 5647425 612557 76671 16535 19537059900 18563986200 895581300 25012200 52480200 22291903002300 21376495621800 868026982500 2856605400 44523792600 1545865662 1550160898 100 997 17696 
6299366 5557146 649085 77192 15943 18935382600 17972559600 882996600 25601100 54225300 21617413998300 20728138643100 839980595700 2930923200 46363836300 1545866115 1550161198 625 999 17661 
6211904 5496336 623276 76434 15858 18134070000 17089470300 971967000 25729800 46902900 20607866004300 19588761008700 976511419800 2871527700 39722048100 1546668028 1550161498 699 999 17173 
6090959 5392318 606013 76707 15921 17942713200 16962475800 913993800 25241100 41002500 20392185930000 19461984243300 893798794800 2879301000 33523590900 1546668028 1550161799 970 0 17028 
6068641 5352284 623479 76718 16160 18830188500 17874346200 891668400 24911700 39262200 21541537985400 20675964821400 831791322600 2888354700 30893486700 1546668028 1550162098 609 999 16607 
5998009 5304159 601293 77018 15539 18848121900 17903799000 877141500 25740600 41440800 21774250656600 20959257898200 778894109100 2941797600 33156851700 1546668028 1550162398 900 999 16779 
5959751 5278310 589042 76540 15859 17855898000 16949146800 839854200 25034700 41862300 20561098085100 19728784263000 797456116200 2851436700 32006269200 1545867628 1550162698 890 997 16104 
5927833 5242619 592882 76418 15914 18738105900 17824625400 847068000 25219500 41193000 21452521909200 20637688380600 780770403300 2839034100 31224091200 1545867692 1550162998 351 999 16438 
5832642 5133009 607577 76456 15600 19050834300 18132193500 854773800 24796500 39070500 21974683993200 21177596933700 763836217800 2813336400 30437505300 1546668028 1550163298 508 994 16352 
5758008 5055338 610587 76271 15812 19273945200 18343130700 868612500 24882000 37320000 22322382332400 21452826435300 837268310700 2844916200 29442670200 1545868420 1550163598 927 999 15998 
5662121 4931659 638697 75827 15938 19202699400 18246971100 893714400 24686400 37327500 22624556028900 21738806144100 854642912100 2824156200 28282816500 1545868849 1550163898 254 997 16148 
5500194 4803668 604378 76796 15352 18826566300 17877692100 883641900 24889800 40342500 22323701617500 21469511361600 821130334500 2824784700 30235136700 1545869069 1550164198 354 999 15651 
5348537 4678081 578568 76352 15536 18349588800 17405564700 875522700 24788100 43713300 22013520102300 21130899021300 843178198800 2866605000 36576277200 1546668028 1550164498 600 994 15248 
5278613 4597868 588365 76492 15888 17696150700 16747128900 886042800 24873600 38105400 20997755655000 20126994015900 838053832800 2872087800 29835718500 1545869768 1550164798 621 999 14992 
5308141 4620261 596139 76130 15611 18764944200 17805099900 894440100 24784800 40619400 22334498648100 21424588368900 874611184800 2888832000 32410262400 1546668028 1550165098 770 997 14735 
5232465 4546014 594938 75746 15767 18939155700 17982835500 891599100 24571500 40149600 22347885510300 21441042382500 872537721300 2801749500 31503657000 1546668028 1550165398 970 997 14766 
5151095 4470724 589283 75239 15849 18724855500 17787786600 868227900 24999900 43841100 22209821611800 21330487128300 840855045300 2858402700 35621035500 1546668028 1550165698 602 998 14942 
5050451 4380703 578819 75507 15422 17741995500 16849071600 826290900 24768600 41864400 20924473308000 20096572534200 791861721900 2857449900 33181602000 1546668028 1550165998 908 991 13920 
5046495 4381486 573954 75600 15455 18667934700 17749355100 848704200 24738000 45137400 22325994608400 21469304510100 815868630900 2833015500 37988451900 1545871069 1550166298 822 995 14337 
4986164 4318765 576040 75719 15640 18793956300 17870671200 853358400 25128000 44798700 22446481508400 21589777069200 817059721500 2820057000 36824660700 1545871306 1550166598 201 997 13931 
4957410 4288010 579104 74977 15319 18136804500 17225049300 847104300 24527100 40123800 21508716176400 20665002810000 807301517700 2800219500 33611629200 1545871782 1550166898 506 997 13904 
4933509 4264256 578723 75195 15335 18152795400 17257709100 826475400 25137000 43473900 21500578297200 20685476008500 775859214000 2820803700 36422271000 1546668028 1550167198 608 993 13518 
4980512 4281804 607965 75237 15506 18015026100 17111495100 835181700 24546600 43802700 21782747432400 20936980474500 806863120500 2791492200 36112345200 1546668028 1550167498 711 997 14061 
4939436 4239400 608035 76307 15694 17362558500 16479906000 814872300 24853800 42926400 20715086940300 19975918805700 700835055600 2853231600 35479847400 1545872741 1550167798 191 997 14022 
4943235 4239321 612321 76204 15389 17541093300 16655105100 818211600 25204200 42572400 20786437697100 20140318764900 608059551000 2897743500 35161637700 1546668028 1550168098 570 999 14150 
4869242 4182345 594791 76522 15584 16980165600 16063295400 849337500 24948900 42583800 20073296053200 19223127837600 812967876300 2825444400 34374894900 1546668028 1550168398 608 999 13448 
4778648 4103163 583703 76520 15262 16603261200 15699114900 830343300 24886800 48916200 20014930052100 19175267130900 796045323900 2838323400 40779273900 1545873416 1550168698 134 997 13503 
4726818 4049262 584357 77820 15379 17310252600 16382166300 858981300 25629900 43475100 20809568073900 19937936695500 833146485300 2826558300 35658334800 1546668028 1550168998 770 999 13024 
4670561 4003314 576507 75414 15326 17145521100 16227219300 849370200 24819600 44112000 20964943116300 20101576369200 824634949200 2799449700 35932348200 1546668028 1550169298 611 998 13019 
4577170 3927251 560409 74222 15288 17129545200 16244253900 816735900 24015900 44539500 20859772667100 20023470942600 797585712600 2781472200 35934539700 1545874614 1550169598 978 998 12971 
4563742 3916083 557440 74701 15518 17627063700 16736788200 822880800 24449700 42945000 21380362696200 20534123589900 808708359600 2761617000 34769129700 1545874617 1550169898 71 997 12923 
4527078 3890379 546873 74312 15514 17640903000 16750460100 825726600 24295200 40421100 21441394344300 20590945963800 815061195000 2782625400 32604560100 1546668028 1550170198 670 997 12847 
4448341 3806590 552623 73788 15340 17851809900 16945861800 841313100 24316200 40318800 21893316176700 21031648955100 826206026100 2779859100 32681336400 1546668028 1550170498 800 981 12598 
4225586 3564050 570700 75517 15319 17060738100 16154254800 843426000 25291200 37766100 21107705430600 20253801991500 820863769500 2833892700 30205776900 1545875533 1550170798 83 994 12395 
4261513 3582303 584868 78650 15692 17037609300 16137349500 833512800 26154000 40593000 21048835465200 20208708082800 804439870800 2924761200 32762750400 1545875825 1550171098 185 994 12459 
4223049 3561609 572765 73610 15065 16969358400 16075315800 828515100 24406500 41121000 20873981158500 20043527182800 794199877800 2799471000 33454626900 1546668028 1550171398 572 996 12388 
4233919 3551340 593618 73563 15398 18941916300 18033987600 840445500 24198300 43284900 23368877510700 22525926701700 805660888800 2719033500 34570886700 1546668028 1550171698 871 992 12051 
4189247 3495635 603819 73779 16014 19162192500 18268814400 828874200 24046800 40457100 23612248563000 22787491339800 790227440100 2710072800 31819710300 1545876745 1550171998 842 998 12221 
4168611 3514060 567085 72393 15073 20226861900 19320646800 823415400 23616900 59182800 25024320681300 24173676948300 796232286300 2634595800 51776850900 1545877140 1550172298 126 998 12088 
4104168 3453595 562499 72691 15383 19314816600 18396705600 830837400 23700900 63572700 23844470061300 22973581524000 809842697700 2653122600 58392717000 1545877393 1550172599 330 0 11760 
4108481 3458580 562596 72113 15192 20280255300 19369530300 823373400 23501100 63850500 25108953404700 24246055938000 801290883300 2684742300 58921841100 1546668028 1550172898 611 999 11966 
4099644 3429510 583046 72205 14883 18652566000 17758506600 805784700 23549700 64725000 23189539022100 22348468287000 777803472000 2668544700 60598718400 1546668028 1550173198 800 999 11844 
4097453 3432524 577413 72565 14951 18212146800 17325105300 802685100 23856900 60499500 22423887395400 21583532051700 780708828900 2759884500 56886630300 1546668028 1550173498 871 995 12307 
4133218 3479821 564972 73165 15260 17803657200 16908402600 815033100 23823000 56398500 21922711920000 21074363979600 793199624100 2634938700 52513377600 1545878699 1550173798 188 993 12157 
4132828 3488849 556084 72773 15122 17938223100 17063319000 790532400 24399900 59971800 22269607449300 21442597583700 768056375400 2663022000 56290468200 1545879016 1550174098 952 996 11986 
4053285 3418097 546977 73075 15136 17320054800 16447653600 791298600 24083700 57018900 21741722328000 20918546725500 767640256200 2664476700 52870869600 1546668028 1550174398 702 992 11868 
4087887 3460934 538265 73497 15191 17735031900 16872947100 781939500 24519300 55626000 21827322365700 21017280415200 756971821500 2700188700 50369940300 1546668028 1550174698 671 992 12015 
4054205 3433943 532055 72996 15211 17312954400 16444044900 786336300 24082500 58490700 21118423838400 20297698952700 764224474800 2710308300 53790102600 1546668028 1550174998 700 989 11878 
3979267 3367592 523628 72921 15126 17672169300 16836197400 759030900 24087900 52853100 21504553178100 20756897934600 697789930200 2683733100 47181580200 1545880079 1550175298 64 999 11528 
3899529 3295624 516324 72604 14977 17586611100 16783454100 727838400 23493300 51825300 21613179931800 21024567725100 539397816600 2651366100 46563024000 1545880323 1550175598 727 997 11636 
3874587 3277112 509470 72936 15069 17478471000 16666012500 728246700 23942700 60269100 21550997441400 20914329717900 579486838800 2652859200 54528025500 1545880856 1550175898 423 994 11334 
3912915 3297355 528510 71824 15226 18087047100 17226748800 775603800 23678100 61016400 22422434792100 21607666630500 756522975600 2656068600 55589117400 1546668028 1550176198 772 994 11460 
3876423 3258117 529687 73345 15274 17966752500 17105849400 776579400 23796300 60527400 22088291842200 21272001158400 757438926000 2699895300 56151862500 1546668028 1550176498 708 999 11483 
3770543 3167333 516518 71735 14957 17346485700 16501174200 771917100 23665500 49728900 21383450722200 20592136782900 746043236100 2656215300 42614487900 1545881701 1550176798 792 996 11022 
3775657 3184614 505006 71156 14881 17060999700 16222262400 772558200 23224800 42954300 21059259570000 20267768225700 753013622100 2642580000 35835142200 1546668028 1550177098 796 998 11130 
3777733 3174084 517065 71404 15180 17504297400 16647531900 792177600 23715000 40872900 21605525373000 20799072642000 769866564300 2664006000 33922160700 1546668028 1550177398 671 986 10983 
3777335 3177578 513358 70825 15574 18316191000 17455802700 796304400 23056200 41027700 22651901634000 21837783419100 777693187200 2612697600 33812330100 1545882545 1550177698 279 994 11089 
3767442 3163924 516524 71724 15270 17010112200 16153003800 794049300 23761800 39297300 21252988659000 20444351128800 773734671000 2663541000 32239318200 1545882888 1550177998 275 997 11333 
3781973 3186506 508579 71565 15323 16829844900 15934105200 823980000 23379300 48380400 20739279326700 19869601720800 824110838400 2664974400 42901793100 1546668028 1550178298 708 999 10960 
3739727 3145426 507857 71545 14899 17028226200 16117765500 836066100 23705400 50689200 21071392390800 20179100877000 845285079300 2645515800 44360918700 1545883513 1550178598 7 979 11097 
3792908 3190944 515535 71173 15256 17640051300 16743275100 827588700 23502000 45685500 22282803498300 21408634723500 831882165300 2659165200 39627444300 1546668028 1550178898 508 985 11091 
3730771 3128182 516560 71085 14944 16589467800 15732123000 793357200 23130600 40857000 20884805021100 20050195932000 797284166700 2621154600 34703767800 1546668028 1550179198 671 987 11058 
3714929 3120395 508784 70757 14993 16181754000 15350883600 760372500 22992900 47505000 20298943890000 19494692771400 759947106900 2598474900 41705536800 1546668028 1550179498 900 998 10832 
3621171 3037380 498306 70585 14900 16721322300 15895001700 756858000 22807200 46655400 21032070180900 20233513076100 754876655400 2573245200 41107204200 1546668028 1550179798 771 992 10476 
3550491 2984991 479759 70654 15087 16148850600 15312690900 766360500 23039700 46759500 19979059844100 19153819149000 781741612800 2610478800 40888603500 1546668028 1550180098 671 998 10129 
3534754 2978740 470794 70420 14800 15608518800 14765629500 771944100 23037900 47907300 19170526146300 18334933154700 791122929600 2627406600 41842655400 1546668028 1550180398 903 996 9783 
3498788 2956609 456795 70459 14925 15822545700 15019000800 735332100 22877400 45335400 19423147815600 18640265067900 740800784700 2636144100 39445818900 1545885507 1550180698 167 999 9879 
3482303 2932248 464113 71003 14939 16919865900 16106108100 746200800 23017500 44539500 20707713549900 19907359132500 758936730000 2645513100 38772174300 1546668028 1550180998 770 989 9704 
3417995 2883650 450168 69640 14537 16444267500 15608268900 769118100 22974300 43906200 20090757339600 19237328081700 812734479300 2610352200 38084426400 1545886146 1550181298 315 993 9912 
3422375 2878601 458175 70647 14952 16458862500 15693555600 698423400 22913400 43970100 20123859339300 19367220035400 716439580500 2584988400 37614735000 1545886289 1550181598 203 969 9482 
3469184 2904852 478617 70749 14966 15591463500 14809880400 714574800 23131200 43877100 18974326146600 18206127230100 728467031700 2609439900 37122444900 1546668028 1550181898 571 988 9634 
3407007 2848956 471685 71221 15145 16430034900 15619077900 741132600 23208900 46615500 20317875722400 19505809672200 769853862000 2635934700 39576253500 1546668028 1550182198 571 998 9571 
3430532 2875926 468051 71692 14863 16267437300 15471723900 722055000 23214000 50444400 20404539789300 19612451539500 744957710700 2643637800 44486901300 1545887202 1550182498 916 998 9457 
3360663 2814369 459503 71832 14959 15383750400 14583576000 727789200 23264400 49120800 19403530524900 18601874849700 757389088200 2675794800 41590792200 1545887535 1550182798 781 991 9105 
3304988 2779205 438416 72678 14689 15884968200 15089929200 732849600 23830500 38358900 20003282651700 19192087914900 776891268000 2680746300 31622722500 1546668028 1550183098 671 996 8895 
3237215 2727072 425401 70145 14597 16482460500 15721722300 698231700 22993800 39512700 20465631948000 19703468340600 726652949100 2612000400 32898657900 1545888358 1550183398 960 994 8608 
3219288 2708945 425883 69717 14743 16326189300 15567573300 698630700 22859700 37125600 20321544380400 19431532168200 857045024400 2607197700 30359990100 1545888662 1550183698 631 993 8694 
3208977 2683768 439994 70929 14286 15590595000 14772444300 758978100 23571000 35601600 19414410108000 18433958325900 950027568300 2621278500 27802935300 1546668028 1550183998 899 997 8675 
3171187 2654213 432350 69861 14763 15470748300 14731764900 673914900 22583700 42484800 19366281396900 18525586903500 803105698200 2606762700 34982032500 1546668028 1550184298 570 993 8227 
3156264 2645972 425711 69957 14624 15906902100 15119403000 721135200 23160900 43203000 19862362649400 18928235928900 895535316300 2608820700 35982583500 1545889336 1550184598 481 984 8270 
3116902 2616049 416941 69623 14289 17213138700 16465750800 684302700 22406700 40678500 21781423317000 20929940464500 815233955700 2627898300 33620998500 1545889583 1550184898 850 986 8008 
3068667 2563786 419834 70202 14845 16340873400 15590115600 686268000 23299800 41190000 20582032439100 19746054514800 799432251600 2656105500 33889567200 1545889896 1550185198 262 999 7865 
3101617 2599677 417155 69948 14837 15275472300 14540912700 668766600 22569900 43223100 19231391364600 18426107434200 767866368300 2604829500 34812732600 1545890225 1550185498 746 993 7771 
3065575 2563698 417752 69583 14542 15744460800 15009759900 672864000 22434900 39402000 19951878486300 19127639412000 788248362900 2639516400 33351195000 1546668028 1550185798 696 997 7899 
3024363 2556302 384182 69475 14404 16523295300 15819183000 627092400 22566900 54453000 21062595348300 20269714289700 742036175100 2609718300 48235165200 1546668028 1550186098 570 999 7624 
3018160 2526940 406313 70200 14707 17103056700 16363081200 658711200 22879800 58384500 21782145100500 20935444946700 794655390600 2606283000 49438480200 1546668028 1550186398 600 975 7777 
2975356 2504155 388086 69043 14072 17137399800 16445975700 614939700 23268600 53215800 21778950917400 20998850614800 732383041200 2607456300 45109805100 1545891468 1550186698 665 996 7396 
2950193 2470686 396399 68839 14269 17726351400 16998878400 650977800 22257300 54237900 22740484644600 21907400652300 784902220500 2579281800 45602490000 1545891811 1550186998 224 993 7256 
2922207 2451162 387094 69387 14564 16396717200 15726477900 595080000 22458300 52701000 21064223931000 20298850297800 717511001400 2623293900 45239337900 1546668028 1550187298 509 999 7136 
2895323 2433204 379726 68359 14034 17273960700 16593494100 605421900 21883500 53161200 22412868171600 21599374254000 765501936900 2512745700 45479235000 1546668028 1550187598 700 984 6913 
2875070 2415448 377115 68376 14131 18077543700 17407665600 592376400 22087800 55413900 23270115107400 22476471933300 744573568200 2591737200 46477868700 1546668028 1550187898 770 992 6972 
2867573 2405178 377903 70042 14450 17617287300 16951004400 585679800 22664400 57938700 22734758411400 21952894748700 730157966700 2566519800 49139176200 1545893063 1550188198 322 995 6753 
2804162 2346695 373450 69798 14219 17752224600 17082642600 591329400 22769700 55482900 22963772928300 22151539035600 762690015900 2625001800 46918875000 1545893211 1550188498 613 992 6434 
2747515 2302807 361001 69586 14121 17088318300 16443084000 572523900 22738500 49971900 21928053333900 21134935523400 749231696100 2617805100 41268309300 1545893683 1550188798 570 966 6119 
2744753 2305822 354489 70059 14383 15226817700 14587870500 565518900 22451700 50976600 19412960014200 18615531341100 752113740000 2570237100 42744696000 1546668028 1550189098 871 991 6253 
2736383 2304013 346802 71044 14524 14711451900 14090644500 546086400 22953000 51768000 18741930252600 17982965249400 712973950200 2628448500 43362604500 1545894341 1550189398 829 996 6195 
2721920 2295001 342910 69709 14300 15423984000 14809113000 539912100 22581600 52377300 19461329897400 18734010167400 681213237000 2596115400 43510377600 1546668028 1550189698 571 979 6174 
2689610 2254934 348848 71283 14545 15089864700 14464158900 551818800 22929900 50957100 19237932783900 18482560770300 711348660000 2648527200 41374826400 1546668028 1550189998 707 995 5867 
2624090 2203539 337351 69278 13922 13938525000 13319337900 547279800 22760700 49146600 17834088948600 17071668453900 720180183000 2580730200 39659581500 1545895063 1550190298 811 995 5899 
2626966 2208728 333942 69730 14566 13621531200 13009371900 544692000 22725000 44742300 17520402369900 16758321404700 724526379900 2604442200 34950143100 1546668028 1550190598 770 991 5601 
2608219 2186257 339113 68744 14105 13972659600 13352641200 556121700 22131900 41764800 17815830669000 17049847793100 730411956900 2535314100 33035604900 1546668028 1550190898 770 972 5800 
2606096 2178868 345006 68468 13754 13036059300 12433964700 532210200 22434300 47450100 16405245420600 15671315689200 690541256700 2574398400 40814076300 1546668028 1550191198 670 998 5777 
2556859 2148577 325740 68065 14477 12813051300 12208237500 541403700 22319100 41091000 16340764646700 15591087482700 712872337800 2568211800 34236614400 1546668028 1550191498 870 977 5545 
2537210 2134652 319268 69172 14118 12853551600 12258456000 535317300 23016300 36762000 16542689568600 15780632187000 730169329800 2604971700 29283080100 1546668028 1550191798 670 996 5753 
2501696 2101066 317932 68481 14217 12989880000 12425720400 505256700 22499700 36403200 16683058296000 15982461698400 668307115800 2601658500 29687823300 1546668028 1550192098 799 998 5024 
2480870 2080360 318008 68425 14077 13142472000 12590224200 494555100 22296000 35396700 16802942041200 16121131872000 650465370000 2547580500 28797218700 1546668028 1550192398 511 971 5296 
2528699 2108618 337657 67912 14512 13138612200 12552412500 530548800 22301100 33349800 16540207442400 15808445663400 703172878200 2509074300 26079826500 1546668028 1550192698 603 992 5306 
2497021 2079111 336044 67903 13963 13036024800 12458094000 523809600 22004700 32116500 16624052676300 15860840624700 735504190800 2467400700 25240460100 1546668028 1550192998 572 985 5125 
2473500 2054071 337561 68109 13759 12717605100 12172529100 496137300 22155000 26783700 16169091180900 15473373442800 673271641500 2478014100 19968082500 1546668028 1550193298 670 986 5326 
2456544 2038558 335088 68733 14165 13118207100 12582595500 485471700 22491600 27648300 16898892049800 16198911643200 676883781900 2525211300 20571413400 1546668028 1550193598 803 998 5368 
2449839 2042340 326461 67296 13742 13486851000 12965489700 473628600 21820200 25912500 17281441128900 16621476748200 638539310400 2474761200 18950309100 1546668028 1550193898 611 991 5095 
2413548 2009011 323039 67474 14024 12663116400 12138982800 476042400 21916200 26175000 16412041887900 15729863214300 660518809500 2459261700 19200602400 1546668028 1550194198 508 994 5340 
2391747 1989255 321154 67466 13872 13261691400 12695622300 517364700 22060200 26644200 17092827004200 16348031278500 722119338300 2498489400 20177898000 1546668028 1550194498 902 995 4768 
2344705 1953197 310222 67507 13779 12825267000 12329718600 446695200 21866700 26986500 16303609388100 15636868629900 644156817900 2467034400 20116905900 1546668028 1550194798 508 955 4852 
2314920 1921044 313318 66843 13715 12933042600 12387819300 496829700 21604500 26789100 16447726566600 15708483855600 717161638500 2483732100 19597340400 1546668028 1550195098 771 994 4470 
2325259 1927861 315706 67914 13778 12132707700 11658624600 425028600 22139400 26915100 15412544607600 14804867837100 585294051300 2424469500 19958249700 1546668028 1550195398 808 991 4593 
2272243 1886465 305352 66971 13455 11706471300 11215246800 445792200 21781500 23650800 14987126714100 14325041637900 642773085000 2420844600 16891146600 1546668028 1550195698 596 987 4523 
2307098 1917276 309238 66999 13585 12248589600 11767295400 433452300 22117800 25724100 15745182494400 15097573830300 625807576800 2418018000 19383069300 1546668029 1550195998 3 997 4538 
2352370 1940604 329825 67524 14417 14110123500 13633218600 431551800 22073400 23279700 18494934089100 17848330063200 627880685400 2438365800 16284974700 1546668028 1550196298 671 995 4681 
2373152 1954787 336828 67801 13736 16328077500 15858581100 421618200 22057200 25821000 21341354643600 20729547607500 589787977800 2473545000 19545513300 1546668028 1550196598 771 990 4901 
2337278 1939975 316297 67117 13889 16266009600 15802023600 405376500 21919800 36689700 21222936870300 20627119512900 564046569900 2491687200 29279100300 1546668028 1550196898 603 996 4901 
2298801 1916598 301352 67116 13735 16543832100 16083648300 396999600 21522300 41661900 21678115750500 21063370596900 577319487000 2435787600 34989879000 1546668028 1550197198 570 989 4638 
2280290 1901285 297698 67599 13708 16120775400 15658493400 383402100 21948900 56931000 20881220584500 20308378996200 519373526400 2468506500 50999555400 1546668028 1550197498 709 961 4762 
2264794 1889875 293319 67784 13816 15306387300 14833080300 405945300 21950100 45411600 19792346466600 19188015630300 563843427600 2475862500 38011546200 1546668028 1550197798 511 994 4401 
2288039 1899273 306900 68010 13856 15767703900 15284508000 409725000 22092600 51378300 20333459682900 19709034589200 575757895500 2454978600 46212219600 1545903008 1550198098 707 998 4546 
2279605 1888220 309643 68142 13600 15298587900 14829275100 398385000 22055700 48872100 19809872098800 19208104560900 555738153000 2454359700 43575025200 1546668028 1550198398 670 979 4463 
2277989 1893562 303076 67789 13562 15353618700 14895675900 390891600 22283400 44767800 20159433007800 19582725339600 534954348900 2479914000 39273405300 1546668028 1550198698 508 992 4383 
2284507 1889204 314176 67292 13835 15177751200 14715756000 395556600 21753300 44685300 19960035162900 19347619101000 570822063900 2426553900 39167444100 1546668028 1550198998 570 961 4482 
2260306 1865391 314819 66896 13200 15498584100 15033017400 399459000 21851400 44256300 20355263946300 19736737826700 577247064600 2478255600 38800799400 1546668028 1550199298 972 981 4742 
2250990 1864104 305054 68235 13597 16130375100 15669547200 397679100 22128600 41020200 21235034179800 20632439649000 563705267100 2495007900 36394255800 1546668028 1550199598 571 979 4707 
2323476 1921025 320040 68353 14058 15387155100 14934913800 399629700 22022700 30588900 20093872587600 19536274667100 530247867300 2445432300 24904620900 1546668028 1550199898 900 988 4723 
2273309 1876609 314538 68598 13564 15118940700 14662155300 391509600 22287600 42988200 19675047874500 19109905615800 525164140800 2465060700 37513057200 1546668028 1550200198 508 985 4606 
2269661 1885695 302963 67141 13862 14662154400 14220659700 377012100 21870900 42611700 18878798419200 18315797961000 522343940400 2446773000 38209744800 1546668028 1550200498 670 991 4231 
2254289 1872395 300587 67502 13805 14369685900 13944832200 369813000 21649200 33391500 18284090234700 17769463370100 485014507800 2456577000 27155779800 1546668028 1550200798 570 995 4535 
2276209 1893750 302032 66829 13598 14684116800 14255850600 368754000 21717000 37795200 18688158846300 18199522579500 454550889900 2414711700 31670665200 1545905839 1550201098 163 994 4688 
2231464 1852757 296543 68313 13851 14208984000 13778615700 375700200 22561500 32106600 18278147892300 17701626043800 548121672300 2481248400 25918927800 1546668028 1550201398 770 993 4248 
2230909 1858616 290122 68242 13929 13176782400 12728049900 379723200 21939600 47069700 16973107461900 16367434393200 560741471700 2443206300 42488390700 1546668028 1550201698 770 988 4295 
2219499 1851064 287840 67154 13441 13098954900 12650251500 380331000 21633000 46739400 16968306094800 16357493643000 565908538800 2414547900 42489365100 1546668028 1550201998 571 979 4284 
2236442 1849129 304974 68737 13602 13355362800 12910417800 369921000 22105800 52918200 17184151846200 16579189870500 554360046000 2458828800 48143100900 1546668028 1550202298 800 990 4222 
2239461 1869738 287250 68520 13953 12858123600 12426569700 359168100 22107900 50277900 16568023179600 15992708472000 528224042100 2471797500 44618868000 1546668028 1550202599 670 0 4488 
2226614 1860969 284431 67606 13608 13279887000 12845056200 355689000 21879900 57261900 17207806338600 16651761073200 500899201200 2445087600 52700976600 1546668028 1550202898 709 998 3943 
2212628 1852998 278763 67141 13726 12633750300 12180681600 366172800 22104000 64791900 16410556291800 15844353680400 503448797100 2433015900 60320798400 1546668028 1550203198 600 990 4080 
2274452 1901595 290789 68084 13984 13200635400 12753019500 372177900 21903000 53535000 17041672540800 16455607250100 534306562800 2471719800 49287008100 1546668028 1550203498 571 995 4167 
2266056 1889180 294826 68230 13820 12954060300 12512785800 365725800 22036500 53512200 16778955130500 16202939901600 524424683100 2465223000 49125322800 1546668028 1550203798 672 992 4271 
2249756 1883253 285146 67715 13642 13315631100 12864810300 376943400 22053300 51824100 17021553390900 16427571662700 544202396100 2486621100 47292711000 1545909079 1550204098 94 995 4351 
2268793 1882451 305072 67614 13656 13414470000 12963879900 381763800 21771900 47054400 17282079146400 16699624598700 537896929500 2459814000 42097804200 1546668028 1550204398 511 997 4270 
2270115 1886049 303170 67223 13673 13845288300 13389939600 382350600 22015200 50982900 17845794536100 17245266788700 552433916100 2439352200 45654479100 1546668028 1550204698 571 997 4324 
2265007 1883731 300278 67229 13769 13817819700 13370102700 382640400 22220400 42856200 17963459777100 17359968406200 563893866900 2525885700 37071618300 1546668028 1550204998 508 970 4118 
2251332 1884060 285632 67819 13821 12781989600 12346075200 369801900 22289100 43823400 16492725672900 15900855795900 550104409500 2518241400 39247226100 1546668028 1550205298 508 996 4247 
2256300 1897776 277629 67414 13481 12969609000 12542961600 364104000 22050000 40493400 16816860726300 16234161382200 544444524300 2541999600 35712820200 1546668028 1550205598 771 997 4179 
2316704 1948964 286288 67593 13859 13281953400 12853953900 362973600 22361400 42664500 17351351396100 16795137058800 515718094200 2552664600 37943578500 1546668028 1550205898 771 995 4452 
2357483 1983192 292479 67881 13931 13093588800 12661563900 362135700 22655400 47233800 17165498325000 16599774814800 520110833700 2575096200 43037580300 1546668028 1550206198 770 991 4385 
2336980 1939607 316482 67353 13538 13200304500 12765244200 373668300 22053000 39339000 17371366496700 16812329207700 521994777000 2515735800 34526776200 1546668028 1550206498 670 987 4490 
2378731 1964904 332096 67919 13812 13645752000 13196394300 394156500 22198800 33002400 17830678914600 17256835731000 544053171000 2565197400 27224815200 1546668028 1550206798 911 996 4831 
2455507 2029110 343682 68496 14219 13511652900 13057849200 391548000 22798800 39456900 17546675513100 16963294011000 547196637600 2553290700 33631573800 1545911871 1550207098 717 996 5167 
2486452 2076553 328241 67684 13974 14410846500 13964214600 387554400 22025400 37052100 18730825037700 18155832535200 541495311300 2495584800 31001606400 1546668028 1550207398 570 997 5209 
2512632 2103179 327095 68390 13968 14446274100 14004865800 380696100 22174200 38538000 18977519784900 18412421039400 529163799900 2564286600 33370659000 1546668028 1550207698 599 993 5377 
2510533 2132466 295558 68401 14108 14203842300 13791333300 362715900 22113300 27679800 18560641664100 17999106075300 538400596200 2508394200 20626598400 1546668028 1550207998 896 990 5545 
2575894 2187820 306150 68104 13820 13261618500 12846924300 367380000 21823200 25491000 17093595826200 16556410948500 516681349500 2500512300 18003015900 1545913171 1550208298 582 991 5580 
2594308 2212095 299924 68257 14032 12943386600 12522668400 373398300 22071900 25248000 16798728812400 16260279250800 517977603900 2505284400 17966673300 1546668028 1550208598 508 949 5726 
2709828 2332111 294056 69473 14188 13543878900 13113025500 379736700 22680300 28436400 17547934875000 16989590330700 533376395700 2589886800 22378261800 1546668028 1550208898 771 990 6225 
2761164 2370657 307611 68921 13975 13493603400 13036042500 397950000 22278600 37332300 17330320665300 16741754135100 555445321200 2573778600 30547430400 1545914125 1550209198 487 983 6694 
2855443 2458247 313614 69226 14356 13878977700 13420117500 405705600 22242900 30911700 17893513543500 17316402333300 550546294200 2543746500 24021169500 1546668028 1550209499 571 0 6645 
2960937 2548563 328906 69132 14336 13470632700 13011330900 407317200 22570800 29413800 17287168671000 16698966199200 562842075000 2580576900 22779819900 1546668028 1550209798 511 993 7298 
3098470 2676858 337966 69603 14043 12940941300 12467544300 421855800 22690500 28850700 16456768578000 15877336296600 555334227000 2563189800 21534864600 1545915006 1550210098 647 992 7734 
3221514 2781564 355438 70353 14159 12808392300 12299166900 451009500 22931700 35284200 16122477950700 15512211215700 578133758700 2589749400 29543226900 1545915302 1550210398 442 976 8548 
3400170 2934792 379375 71413 14590 13840634100 13336158300 447687000 23004900 33783900 17374108243800 16770538477800 572739042600 2662767600 28167955800 1546668028 1550210698 870 986 9410 
3518979 3052069 381433 71136 14341 13682357400 13159297800 466475100 23074500 33510000 17023149743700 16394160549300 599335677000 2660683200 26992834200 1546668028 1550210998 571 999 10226 
3637407 3184895 366327 71577 14608 14663434200 14177455800 427515000 23581500 34881900 18305108014200 17713585316700 559816745400 2680128300 29025823800 1545916038 1550211298 947 998 10779 
3770624 3303835 379936 72221 14632 15080823300 14565675300 448422000 23471400 43254600 18786489925500 18178494818400 567960701700 2671215900 37363189500 1546668028 1550211598 770 999 11467 
3901453 3430585 384396 72124 14348 15091998300 14566288500 459697800 23994600 42017400 18737447330700 18092802979200 606316662300 2736961500 35590727700 1546668028 1550211898 770 992 12515 
4061642 3580039 393747 72955 14901 14693294700 14185083900 446739000 23683200 37788600 18003723981300 17534044316700 435492798900 2767900200 31418965500 1546668028 1550212198 670 996 13302 
4307345 3805366 413265 73880 14834 15481641900 14948176500 469452600 24054900 39957900 18996273209100 18530104475700 429600447900 2740431600 33827853900 1546668028 1550212498 571 994 14360 
4475062 3968253 417730 74292 14787 15858325500 15308523000 488722800 24075600 37004100 19585387595700 18967636906200 584551472700 2712444300 30486772500 1546668028 1550212798 771 998 15040 
4646413 4133123 424345 73944 15001 15770675400 15217421400 497609400 23944200 31700400 19486234010700 18835165875600 623083009500 2724764100 25260361500 1546668028 1550213098 671 995 15603 
4856512 4337139 429138 74891 15344 14953209000 14376953400 519859500 24240000 32156100 18377073346200 17676878387400 672110370900 2767309200 25317278700 1545918233 1550213398 380 989 16623 
5060529 4516747 453188 75267 15327 15750110100 15142906500 550653600 24626100 31923900 19270297356600 18565130355900 677559458100 2975108400 24632434200 1546668028 1550213698 600 990 16752 
5260816 4703456 465512 76465 15383 16048163100 15444065700 548257200 25047900 30792300 19516245308400 18808424916300 681311007600 2930516400 23578868100 1546668028 1550213998 671 981 17551 
5479070 4898716 487793 76630 15931 16847545800 16238348700 551477100 25518000 32202000 20347116696900 19669571618100 649970555400 2900496900 24674026500 1545919003 1550214298 933 990 18434 
5690247 5103869 494128 76588 15662 16269546000 15641791200 570270900 24918600 32565300 19416301630500 18699761265900 688901701200 2892564300 24746099100 1545919430 1550214598 7 997 18935 
5814030 5225263 496164 76807 15796 17143117800 16498876800 588161700 24996000 31083300 20572076580900 19828162475400 717948785100 2849036700 23116283700 1546668028 1550214898 600 992 18877 
5849075 5235893 519877 77506 15799 16740701700 16068875400 604723500 25148400 41954400 20025701323800 19260029013000 728071043400 2861235900 34740031500 1546668028 1550215198 570 998 18646 
5963119 5337669 534247 75412 15791 17532746400 16828579800 639782100 24998100 39386400 20910218681100 20154882240600 721530022500 2867467200 30938950800 1545920178 1550215498 5 996 18807 
5990113 5369581 528872 75729 15931 17634312000 16901717400 673311900 24893700 34389000 21015101553600 20233957764900 751355848800 2843911500 26944028400 1545920759 1550215798 642 995 19114 
6173576 5538247 543260 75858 16211 17888734200 17145968400 685494600 24595800 32675400 21612713187300 20824193206200 760547931000 2859327900 25112722200 1546668028 1554510916 570 643 20378 
6283936 5652804 538873 76272 15987 17798288100 17057702400 680361300 24841200 35383200 21223197055500 20432327206200 759570215400 2862600000 28437033900 1546668028 1550216398 696 992 20279 
6410130 5777000 540464 76290 16376 18900350700 18166776600 672644100 24694500 36235500 22599548802300 21773000848500 795257350800 2884397700 28406205300 1545921543 1550216698 342 996 20924 
6534805 5890449 549417 78411 16528 18168273900 17422209900 682692300 25515600 37856100 21542600657400 20721892992600 788190821700 2967594000 29549249100 1546668028 1550216998 770 997 21114 
6695738 6037147 563180 79096 16315 17919445500 17158410000 699649500 25874100 35511900 21114181466100 20282113938300 801419888100 3006642300 27640997400 1546668028 1550217298 508 994 21988 
6817880 6112299 610057 79017 16507 18220642200 17443467600 712724400 26065800 38384400 21466368672000 20607691746000 825410010900 3004368900 30262546200 1546668028 1550217598 570 999 22608 
6994381 6285277 612721 79531 16852 18335247300 17554232100 716891100 25954200 38169900 21402565041000 20553245000400 816679759800 3024611100 29615669700 1546668028 1550217898 508 999 22462 
7182399 6483817 603088 79080 16414 18338820900 17536465200 734363700 26403900 41588100 21237823125300 20378583328500 823740826500 3021424500 32477545800 1546668028 1550218198 508 992 22865 
7301203 6597795 606779 79357 17272 18928198500 18106687800 749643300 26035200 45832200 22042723323300 21158944422300 845062526100 2999057400 35717317500 1546668028 1550218498 770 998 23452 
7373526 6633376 643623 79791 16736 18837070800 17987651400 779742000 25904100 43773300 21855790152600 21000144783300 819691520400 2985582900 32968266000 1546668028 1550218798 770 998 23309 
7425211 6624586 703342 80994 16289 18843318300 17691788100 1080417000 26774100 44339100 21851219842800 20621905432500 1191531415800 3067145400 34715849100 1546668028 1550219098 770 996 24284 
7484298 6632112 754601 81170 16415 18788232300 17691066900 1026564000 26849400 43752000 21650788155000 20617486183500 996283070400 3051428700 33967472400 1546668028 1550219398 700 996 24404 
7545897 6765894 684518 78663 16822 18619939500 17656344600 895701000 25697100 42196800 21520656436500 20624064117900 860490426900 2959529400 33142362300 1545924510 1550219698 699 997 24525 
7598165 6860515 640621 80936 16093 18957153900 18014148000 875810100 26816400 40379400 22370525039700 21367904074500 967951980000 3024324900 31644660300 1546668028 1550219998 708 995 24373 
7688042 6945811 645486 80149 16596 18729837600 17773844400 891510600 26994300 37488300 21824398251000 20780419891500 1012176450300 3068927400 28732981800 1545925024 1550220298 955 996 24382 
7752842 7023934 630507 81525 16876 19528842300 18578733000 883141200 26888700 40079400 23089892022300 22074585017700 981392314800 3128346900 30786342900 1545925342 1550220598 214 993 24923 
7781665 7056935 626587 81802 16341 19508018700 18551912400 892499700 26912700 36693900 23015334636000 21994624874400 991169988600 3101824800 26437948200 1546668028 1550220898 700 996 24879 
7868112 7138606 631503 81325 16678 19875978300 18898868400 899618100 26597400 50894400 23258988495600 22220774372700 993553582800 3050742900 41609797200 1546668028 1550221198 872 998 25047 
8007257 7253046 655593 81710 16908 19738314300 18735051900 925289100 26786400 51186900 23124327323100 22071829451400 1007998316400 3084820200 41414735100 1546668028 1550221498 709 994 25456 
8092010 7312763 682384 80320 16543 20102036400 19082705400 951384300 26098800 41847900 23251840951800 22176537331200 1040796157800 3004462200 31503000600 1546668028 1550221798 570 995 25750 
8166220 7378560 691425 79464 16771 19959657900 18928136400 970755900 25780500 34985100 22994557735200 21880317215100 1087043688900 3012198300 24184632900 1546668028 1550222098 807 995 25955 
8208517 7421855 688405 81526 16731 19884267900 18830632500 991990200 26593800 35051400 22819773399600 21700487205600 1092529556700 3063921000 23692716300 1545927106 1550222398 388 991 25810 
8224738 7444778 683286 80076 16598 20863783500 19805106900 998361600 26114100 34200900 24123666977700 22999025694600 1099099841700 3028062000 22513379400 1546668028 1550222698 671 999 25658 
8247277 7456658 692135 81587 16897 20648705400 19578759000 1006350300 27084300 36511800 24060548215200 22935625608000 1096464724200 3100809600 25357073400 1545927701 1550222998 11 996 25893 
8244543 7459030 685131 83028 17354 20554225800 19514452800 977215200 27843600 34714200 23798314645500 22710035078700 1061833716000 3189468000 23256382800 1546668028 1550223298 700 995 26014 
8254594 7472265 684558 81067 16704 20795475900 19762493100 967659000 26739300 38584500 24082431499200 23017207337100 1034766211800 3066118500 27391831800 1545928568 1550223598 989 997 26056 
8244551 7465338 679772 82651 16790 21311865300 20277366600 967909800 27365100 39223800 24674116141800 23608919710200 1034367162000 3135558900 27693710700 1546668028 1550223898 603 998 26642 
8325993 7506479 718765 83728 17021 22657379700 21598968000 985701000 27530700 45180000 26565685711500 25479425965800 1047727220400 3216213600 35316311700 1545928994 1550224198 382 992 26468 
8305059 7517685 687773 82838 16763 22594251300 21536778600 977982900 27370200 52119600 26328378650100 25240332086100 1045698522300 3165301500 39182740200 1546668028 1550224498 570 999 26349 
8323436 7545674 678719 81918 17125 22301487600 21232535100 988594200 26988000 53370300 25986483755400 24881732886000 1062096220800 3088928400 39565720200 1546668028 1550224798 570 999 26391 
8368123 7573298 695453 82518 16854 21987647100 20930011500 983731200 27893700 46010700 25578113348700 24471723680700 1068655396500 3087745200 34646526300 1546668028 1550225098 699 996 26609 
8444334 7635236 709329 82611 17158 22889832600 21820877100 1000562700 27797100 40595700 26770300809900 25660255657500 1077440384100 3108762300 29496006000 1546668028 1550225398 508 998 27039 
8377729 7579684 699800 81440 16805 22115502000 21068185200 975919500 26959500 44437800 25883979537300 24824825753100 1022427070800 3081344100 33645369300 1545930598 1550225698 750 999 26900 
8344909 7541567 704145 82032 17165 22087536900 21028653000 984723000 27132900 47028000 25843533537900 24775764168300 1028901033000 3078187800 35790148800 1546668028 1550225998 708 999 26803 
8295354 7494634 703206 80819 16695 20656501200 19563283200 1010015400 26493000 56709600 23966523685800 22863427897800 1054147637400 3064085400 45884065200 1546668028 1550226298 608 997 25821 
8289234 7497534 694339 80679 16682 20565804900 19478298600 1014055200 26518500 46932600 23580488845200 22471977101400 1070296545000 3048955800 35166243000 1546668028 1550226598 808 997 26835 
8393330 7571088 722342 82643 17257 20871803700 19769271600 1028325600 27894300 46312200 23961181985700 22845565128600 1077499499100 3118822200 34998535800 1546668028 1550226898 771 998 26765 
8323545 7510211 714068 82870 16396 21444419700 20322465300 1041972300 27190200 52791900 25185212177400 24048313536300 1092504771600 3156662700 41237206800 1546668028 1550227198 772 997 27020 
8370872 7555047 715408 83470 16947 20843900700 19722910800 1043379000 27912900 49698000 24405233394000 23243592547800 1119647561700 3224344200 38768940300 1546668028 1550227498 608 999 26780 
8340377 7523239 716531 83713 16894 21333369300 20231688600 1032675600 27651900 41353200 24895789461000 23749456755900 1112610527100 3168215400 30553962600 1546668028 1550227798 570 999 26190 
8224859 7424025 700206 82855 17773 20959560300 19829566200 1062784800 27248100 39961200 24482797528800 23303973539100 1148257722300 3108211500 27458055900 1546668028 1550228099 570 0 25818 
8174248 7346788 729538 80889 17033 21079560900 19942045500 1071453900 26844000 39217500 24382344715800 23198621637600 1151883202500 3069031800 28770843900 1546668028 1550228398 608 990 26389 
8259699 7441836 717559 83471 16833 21083961000 19968383400 1044851400 27440700 43285500 24383201917500 23250032752500 1098240281100 3122295900 31806588000 1545933397 1550228698 773 996 25922 
8172507 7376860 695840 82397 17410 21243771900 20151757200 1018889100 26754900 46370700 24483110385600 23355007613400 1090641124500 3069765900 34391881800 1545933685 1550228998 848 979 25579 
8162133 7363697 699597 82170 16669 20672817900 19582365900 1020650700 26681100 43120200 23862808448100 22739846802600 1087004543400 3053513700 32903588400 1546668028 1550229298 608 999 25591 
8050321 7252135 698563 82882 16741 20819427000 19727571600 1023720600 26985600 41149200 24110807826900 22987247927100 1089981040800 3064669800 30514189200 1545934529 1550229598 165 997 25675 
7944214 7169137 675988 82806 16283 19973917200 18878166300 1026745500 27079500 41925900 23372412474600 22231531786200 1106511999300 3135481800 31233207300 1545934885 1550229898 511 998 25251 
7950393 7200849 649566 83445 16533 21216211800 20131806900 1015222200 27522600 41660100 24786963607500 23666305989900 1086486834300 3230446800 30940336500 1545934924 1550230198 143 999 24831 
7895721 7139433 656130 83457 16701 19811170800 18737716800 1002204000 27246600 44003400 22906136322000 21795619539600 1074238041600 3144612900 33134127900 1546668028 1550230498 570 998 25138 
7858211 7107993 652508 81415 16295 20676774300 19603753200 1000771800 26532600 45716700 24099262407000 22975016355000 1086106576800 3134973900 35004501300 1546668028 1550230798 809 998 24481 
7847033 7078028 670740 81443 16822 20775675300 19687830900 1010587800 26833200 50423400 24349785704400 23227457090700 1080347869800 3050681700 38930062200 1545935961 1550231098 877 991 24537 
