6491299 5765582 630835 78233 16649 20597066700 19591787100 947446200 26045100 31788300 23355014587500 22586704255500 744308024700 2999085000 21003222300 1546668028 1550074198 600 998 18796 
6477101 5722198 661638 76960 16305 20798660700 19784703900 958528500 24973200 30455100 23904121364100 23124463485600 758036750700 2879238900 18741888900 1546668028 1550074498 907 999 18951 
6422899 5678349 649867 78395 16288 19978678500 18957198300 965937000 25650900 29892300 22764337680600 21980814990300 763198884600 2915250600 17408555100 1546668028 1550074798 803 996 18448 
6375945 5612688 670066 77130 16061 19433075100 18403892100 967883700 25341000 35958300 21975845358300 21184673675700 763820877900 2864236200 24486568500 1545779813 1550075098 484 994 18761 
6227479 5506773 629154 75376 16176 19816740000 18828777000 925914000 24831300 37217700 22651986411300 21895655463600 726719350800 2877440400 26734156500 1546668028 1550075398 771 999 18019 
6216613 5503175 619532 77757 16149 20391373200 19421508000 912042900 25490400 32331900 23508512588400 22775456586000 708830545500 2919259500 21306197400 1546668028 1550075698 608 997 17598 
6196138 5492926 609822 77361 16029 20306773500 19331461500 921163500 25999200 28149300 23204144452500 22463943801000 719154740400 2936299800 18109611300 1545780693 1550075998 490 999 17829 
6091403 5392287 607039 76157 15920 19999131600 18996835800 949700700 25007100 27588000 23048436317400 22275294108900 752979317100 2866542900 17296348500 1546668028 1550076298 572 999 17402 
6065531 5345876 625107 78305 16243 19409995500 18365640900 988387200 26165700 29801700 22426120117500 21615929382000 787726969500 2914106700 19549659300 1546668028 1550076598 900 998 17507 
5989684 5276211 619600 78037 15836 19259591700 18201483600 1005735900 25898700 26473500 22410524882400 21593486161800 796980863400 2925991800 17131865400 1546668028 1550076899 671 0 17396 
5900303 5180391 626129 77652 16131 19078717500 18047361300 980273700 25860000 25222500 22122111576600 21335680958400 767913998700 2865098400 15651521100 1546668028 1550077199 707 0 17128 
5808980 5099274 614594 78790 16322 19902403200 18927333600 921634800 26054100 27380700 23149740729900 22412975718600 716631690000 2947938000 17185383300 1545782204 1550077498 735 996 17217 
5733394 5024913 613231 79334 15916 19116011400 18134229900 926746500 26238000 28797000 22211846001000 21460222719000 729745959300 2949654600 18927668100 1546668028 1550077798 770 998 16448 
5706867 5005179 607362 78241 16085 19848292800 18865471200 930391800 25516800 26913000 23238027849600 22486760980800 730821559200 2915383800 17529925800 1546668028 1550078098 609 999 16468 
5654218 4940679 619673 77997 15869 19566574200 18585940200 928149900 25980600 26503500 22626250022400 21880209219000 725966631000 2964493500 17109678900 1545783159 1550078398 699 999 16279 
5575431 4859503 622082 78165 15681 19555023900 18575131500 925317900 26304600 28269900 22568803197900 21831100311600 715267281000 2927273400 19508331900 1546668028 1550078698 600 998 16060 
5458572 4759358 605721 77917 15576 18953792700 17996403300 903169800 26237100 27982500 21838221870000 21118556247900 697437903600 2921286600 19306431900 1546668028 1550078998 800 999 15942 
5444687 4728188 622536 78477 15486 19003560600 18037691400 910229100 26744400 28895700 22081025818500 21354714897900 703281836400 2958178200 20070906000 1546668028 1550079299 602 0 16088 
5368260 4665106 610801 76861 15492 18764872800 17794821300 917947200 25334700 26769600 21620588766900 20880244688100 720301318200 2919736800 17123023800 1546668028 1550079598 596 998 15580 
5326705 4634554 599349 77224 15578 18305862600 17349956400 903721500 25372500 26812200 21140565571800 20406135653100 714196228800 2879474700 17354215200 1546668028 1550079898 670 998 15255 
5257525 4580703 584125 77122 15575 19006509900 18038541000 915840300 25385100 26743500 21982234648800 21237058622100 725151110400 2955493800 17069422500 1546668028 1550080198 871 997 15548 
5174951 4507262 575882 76576 15231 17898264900 16947450300 899697600 25589400 25527600 20453090953800 19722533476200 711476057700 2943069000 16138350900 1546668028 1550080498 803 998 14945 
5125429 4452577 579988 77294 15570 17611397100 16658521500 903322200 25404300 24149100 19878358226400 19146630789600 714784022700 2962182900 13981231200 1546668028 1550080798 607 997 14903 
5177819 4490672 593462 78035 15650 17916189000 16955101500 898078200 26222100 36787200 20468007213300 19733066874900 705186562500 2986657200 26767118700 1546668028 1550081098 570 999 14824 
5095986 4430113 572609 77800 15464 17666876100 16718242800 887599200 25860300 35173800 20190821955600 19463433181500 699048360000 2982207000 25358207100 1546668028 1550081398 602 998 14658 
5006978 4346638 567177 77608 15555 17852772600 16906036200 885171300 25578900 35986200 20721850732200 19992445727700 700610525400 2956934100 25837545000 1545786485 1550081698 316 994 14486 
4912207 4264430 554862 77236 15679 17222048400 16275115200 888069600 25914600 32949000 19716507661200 18988793843400 701194256400 2953784100 23565777300 1545786763 1550081998 216 999 13785 
4882255 4232078 557931 76836 15410 16984585800 16023909900 901114200 25312800 34248900 19354326250800 18600454174500 725775348000 2939699400 25157028900 1545787151 1550082298 190 998 13999 
4852154 4162774 597094 76866 15420 17388160800 16381816500 941667000 25411200 39266100 20412028295100 19620049456800 759540388800 2917226700 29521222800 1546668028 1550082598 507 995 13877 
4824429 4133420 599535 75863 15611 17417704200 16395373500 944233500 25264800 52832400 20348951462400 19550009821800 753609604800 2898162300 42433873500 1546668028 1550082898 508 999 13909 
4736897 4041472 604190 76090 15145 16898731200 15874905900 954521400 25499700 43804200 19522887718800 18716552553300 771111827700 2932284900 32291052900 1546668028 1550083198 571 999 13611 
4707814 4029797 586668 76067 15282 16818728700 15837651600 914093700 25825800 41157600 19382397886200 18626475950400 723827021100 2956425900 29138488800 1545788300 1550083498 461 998 13762 
4670493 3993240 585398 76147 15708 17110579800 16118339100 927515700 25227900 39497100 19967612198700 19186139060400 750313748400 2904909900 28254480000 1545788704 1550083798 267 998 13636 
4620174 3937194 592263 75551 15166 17375312400 16409081400 906963300 24968700 34299000 20307548855400 19561581991200 718474084200 2891297100 24601482900 1546668028 1550084098 571 996 13006 
4596724 3902239 603392 75631 15462 18254020200 17290059300 909498000 24962100 29500800 21062344985100 20321942201100 716727321600 2816221500 20859240900 1546668028 1550084398 600 999 13558 
4611675 3924318 596042 75626 15689 19224449100 18248635500 918675000 24837900 32300700 22585275285900 21833085325500 725691697500 2740931100 23757331800 1546668028 1550084698 670 999 13635 
4555899 3867850 596815 75733 15501 18109009800 17144544000 910923000 25050900 28491900 21091774722000 20350274391900 719581231500 2760645600 19158453000 1545789856 1550084998 305 999 13779 
4553834 3878384 585524 74458 15468 19978094400 19034395500 890274600 25210500 28213800 23577917688600 22864130076600 691234401600 2738877600 19814332800 1545790099 1550085298 666 999 13673 
4510114 3835650 584104 74640 15720 19672421700 18735262200 882713700 24921000 29524800 22991872364700 22284910195200 683510180700 2708781000 20743207800 1546668028 1550085598 871 999 12941 
4494877 3824565 581449 73459 15404 18650259000 17714956200 881732700 24201900 29368200 21602029161600 20903762472600 675278892300 2684808300 20302988400 1545790786 1550085898 943 997 12794 
4429970 3768661 571193 74708 15408 18858023400 17913330600 880522200 24796500 39374100 22033510725900 21320355135300 678139519800 2770208700 32245862100 1545791008 1550086198 946 999 12878 
4399130 3758825 550593 74250 15462 18747584100 17818417800 866322300 24506400 38337600 22048775469900 21349599556800 666225348600 2747061900 30203502600 1546668028 1550086498 599 999 12723 
4352017 3723845 539044 74119 15009 17826989100 16902139500 859379700 24419400 41050500 20696096890800 20000587764000 659488829100 2680787700 33339510000 1545791599 1550086798 909 999 12737 
4311127 3692659 528985 74079 15404 17501346300 16569068100 853406700 25877100 52994400 20245200099600 19533061976700 664009855200 2737379700 45390888000 1545791853 1550087098 497 999 12529 
4327678 3705807 532094 74301 15476 18329011200 17395335600 865946700 24365700 43363200 21311636124300 20596229706000 676632919200 2696278200 36077220900 1545792176 1550087398 523 997 12862 
4332412 3707364 536398 73392 15258 18529697700 17593252800 864861600 24250800 47332500 21592960803600 20878854308700 670377113100 2699911500 41029470300 1545792397 1550087698 75 999 12298 
4302553 3655232 558191 73775 15355 18034594500 17114254800 855486900 24668400 40184400 20895518402400 20201945411100 657355282800 2724876000 33492832500 1546668028 1550087998 509 997 12716 
4355908 3703037 563245 74024 15602 17988495600 17058074100 864171600 24364500 41885400 20793917270700 20095396431900 661237151400 2755189800 34528497600 1546668028 1550088298 772 997 12507 
4343685 3687918 566983 73539 15245 16964622600 16036423200 863280300 24041100 40878000 19446743085600 18747832851900 661428805800 2700645900 34780782000 1546668028 1550088598 770 997 12544 
4363158 3670644 602939 74495 15080 17821802100 16873107300 881724000 24592800 42378000 20651486691300 19932308757000 679394674800 2747353200 37035906300 1546668028 1550088898 700 998 12665 
4326403 3639034 596362 75292 15715 17849824800 16911386400 876271800 24940200 37226400 20724289683300 20017209886500 674185183200 2790088500 30104525100 1545793962 1550089198 760 997 12717 
4258673 3613537 555753 74320 15063 19351255200 18436275300 853472700 24597000 36910200 22777428303900 22088647303500 656355377700 2765427900 29660194800 1545794205 1550089498 246 999 12527 
4206485 3555386 561411 74489 15199 17942196600 17025868200 857308200 24371400 34648800 20812694838000 20126959647900 655480329300 2738041500 27516819300 1546668028 1550089798 599 992 12091 
4173997 3520243 564636 73874 15244 18045282300 17134202100 851250900 24195900 35633400 21021393041700 20345167382400 644346367500 2756449500 29122842300 1545794788 1550090098 927 998 12068 
4118899 3455533 575104 73271 14991 17163062100 16244142900 858861000 24308400 35749800 19871756615100 19198071206400 641798804100 2728503600 29158101000 1545795355 1550090398 180 999 11977 
4104093 3449084 565794 73951 15264 18436282800 17529724800 850683900 25048800 30825300 21763404670500 21106305733800 632208071400 2728504500 22162360800 1545795476 1550090698 330 998 11706 
4121807 3452637 578917 75005 15248 17677649400 16766274900 857202900 24925500 29246100 20852325808500 20187704360700 641155258800 2797713600 20668475400 1546668028 1550090998 670 995 11917 
4100622 3449202 562936 73327 15157 18008610300 17105341500 850938900 24288000 28041900 21359263499700 20695611813900 641071042500 2711207400 19869435900 1545796272 1550091299 908 0 12041 
4051060 3407433 555085 73551 14991 17397266400 16497897600 847035600 24352500 27980700 20384828601300 19736871998400 624728242200 2738539500 20489821200 1545796364 1550091598 374 998 11987 
4104518 3450965 564334 73583 15636 17591201400 16682864700 855358500 24617700 28360500 20754403680300 20094902049000 635588300100 2760775800 21152555400 1546668028 1550091898 670 994 11935 
4058636 3410785 558663 74193 14995 17138430300 16220224500 865637400 24703500 27864900 20169841463700 19471599441000 675000717600 2730208500 20511096600 1546668028 1550092198 800 997 12033 
4000789 3364252 546732 74610 15195 17745153900 16837776000 855286800 24567300 27523800 20913637448700 20227614560100 663009597300 2720056800 20293234500 1546668028 1550092498 508 999 11724 
3963289 3336102 537332 74750 15105 17728119300 16837895400 834855000 24327300 31041600 21150171792900 20485268389500 640178170200 2747512200 21977721000 1546668028 1550092798 600 991 11708 
3976695 3341565 547620 72686 14824 17536098600 16640926200 834141900 23999100 37031400 20825096023500 20162380553700 630850241400 2687910600 29177317800 1546668028 1550093098 670 986 11316 
3950833 3309048 553254 73374 15157 16576422900 15688293000 825115800 24500400 38513700 19609099307400 18956513952900 619289061300 2706128100 30590165100 1545798294 1550093398 915 992 11239 
3965931 3328900 546030 75898 15103 18564621900 17685865200 824529300 24773700 29453700 22209811431600 21553561393200 631447307100 2758671900 22044059400 1546668028 1550093698 870 995 11414 
3904376 3285454 528169 75829 14924 16926140400 16064604000 809155500 24755100 27625800 20024461765500 19378617576600 622922722500 2716707000 20204759400 1546668028 1550093998 807 993 11079 
3874319 3263916 518778 76559 15066 17820321900 16955631900 811849200 25059000 27781800 21259836766500 20604589653900 631214477100 2740629300 21292006200 1545799187 1550094298 790 998 11167 
3833379 3234465 509873 73828 15213 16947776400 16070068500 822918900 24017700 30771300 20108421473400 19432291976700 649768753500 2652494700 23708248500 1546668028 1550094598 899 998 10764 
3801343 3208673 505773 72023 14874 17683927200 16827998400 799462200 23448600 33018000 20982191933700 20302730945700 650029894500 2602276500 26828817000 1545799681 1550094898 341 996 10696 
3730224 3154974 487702 72726 14822 16349037600 15516828900 781148700 23710500 27349500 19218704422200 18541840321500 655115875500 2691890700 19056334500 1545800140 1550095198 996 999 10740 
3685750 3126381 471206 72877 15286 17055327900 16224526500 780521700 24065100 26214600 20236437641100 19550999932200 665117455200 2704437900 17615815800 1546668028 1550095498 571 995 10157 
3631789 3090785 454183 72226 14595 17113210500 16314832200 749678700 23569200 25130400 20460148917600 19788970614300 651220160700 2638504200 17319638400 1546668028 1550095798 670 997 10015 
3602737 3055850 460360 71649 14878 16982432400 16196500500 734102400 23803500 28026000 20227531882500 19584973275600 619698879600 2676239700 20183487600 1546668028 1550096098 771 998 10039 
3568003 3029920 451995 71258 14830 16365034500 15594521700 721458900 23118300 25935600 19455043458600 18820908750300 613603530000 2620860600 17910317700 1546668028 1550096398 670 998 9762 
3539292 3007464 446407 70760 14661 17496712800 16725565200 722377200 23573400 25197000 20747142924300 20110913466900 616731118800 2644052100 16854286500 1545801380 1550096698 912 998 9662 
3525277 3000561 438952 71039 14725 17721939300 16957908000 713316300 23145600 27569400 21170589254100 20536379424300 611600873100 2703200400 19905756300 1546668028 1550096998 708 995 9530 
3495849 2969682 439459 72069 14639 17564205000 16814194800 699837300 24079200 26093700 21001312683000 20385896364900 593330858400 2787400500 19298059200 1545801992 1550097298 645 997 9421 
3470809 2935353 450347 70560 14549 17036817900 16296385800 690881700 23043000 26507400 20305109553000 19684193324700 598802675400 2699246400 19414306500 1546668028 1550097598 770 998 9120 
3409658 2878225 446285 70681 14467 17199380700 16476899700 674832300 23646300 24002400 20425260981900 19819248515100 587002207500 2767378500 16242880800 1545802849 1550097899 203 0 8986 
3353776 2847919 419699 71277 14881 17060699100 16357075500 653031600 23922300 26669700 20300448390000 19715947651200 562625520000 2770572300 19104646500 1546668028 1550098198 708 989 8747 
3304447 2795797 423787 70479 14384 16526786700 15810339300 662696100 23211300 30540000 19575899902500 18974462238900 575122005900 2730588300 23585069400 1545803332 1550098498 635 997 8509 
3255713 2737778 432766 70736 14433 15859457100 15142576200 667455900 23590500 25834500 18901774849800 18304164547500 576624320400 2727558300 18258423600 1546668028 1550098798 900 998 8261 
3334724 2807291 441393 71240 14800 16931840700 16207593600 659793000 24065700 40388400 20101813123800 19512502714800 556053241800 2749620000 30507547200 1546668028 1550099098 571 995 8387 
3233457 2715379 432678 70906 14494 16637728500 15927969000 651512100 23198400 35049000 19746106442700 19167659442000 548183739900 2734475400 27528785400 1545804214 1550099398 493 996 8039 
3222027 2713238 423778 70538 14473 17592861000 16897646400 618675300 23061900 53477400 21462837281700 20892127888800 523522929000 2710359900 44476104000 1546668028 1550099698 703 995 7856 
3174551 2656570 432121 71490 14370 17784984900 17099617200 606174600 23417100 55776000 22095563418000 21523059064500 524657955300 2771315400 45075082800 1545804749 1550099998 601 992 8085 
3129005 2622188 421638 70782 14397 17519118900 16833330300 603427500 23649000 58712100 21621759725100 21045133039200 525489908400 2767163700 48369613800 1546668028 1550100298 572 999 7578 
3104828 2591304 427154 72082 14288 17612608200 16908613500 629070300 24653400 50271000 21356199933000 20754322472400 558396300900 2778988500 40702171200 1546668028 1550100598 671 999 7622 
3090813 2588804 415995 71560 14454 16754854800 16071294600 607661400 23566500 52332300 20283227190000 19708573252800 528564118500 2777451600 43312367100 1546668028 1550100898 670 998 7251 
3034565 2552709 397161 70562 14133 16291314300 15628047600 590280600 23318700 49667400 19772068106400 19206208020300 522771851400 2725189800 40363044900 1546668028 1550101198 570 992 7048 
3028767 2539692 404420 70597 14058 17091864900 16428168900 590746500 23420700 49528800 20879076212700 20305106380500 530878021500 2705388600 40386422100 1546668028 1550101498 671 997 6925 
2981876 2506200 388329 72720 14627 16569593100 15937897200 556211400 23903700 51580800 19990623025500 19442255590800 503862096000 2750038500 41755300200 1545806682 1550101798 345 999 6661 
2940276 2484807 370941 70596 13932 16982082600 16390517100 521191800 23104500 47269200 20563076414400 20057406733800 465411139200 2663412900 37595128500 1545807060 1550102098 497 998 6306 
2907779 2464489 356241 72690 14359 16723350900 16137948600 513857700 23912400 47632200 20175515264100 19671214491600 463670252400 2747486700 37883033400 1546668028 1550102398 570 998 6248 
2929786 2483508 359010 72765 14503 16886724600 16305720000 508928700 23700300 48375600 20475256339500 19968783424200 465017015700 2746173300 38709726300 1545807505 1550102698 709 998 6180 
2892407 2452098 353669 72447 14193 16838049000 16263865800 501106800 23817000 49259400 21293648033700 20793657477000 457624683000 2735100000 39630773700 1545807754 1550102998 426 998 6034 
2891930 2452927 352072 72656 14275 15940204200 15352429800 513280800 23622600 50871000 19745991436200 19236576102900 465770977500 2699274300 40945081500 1546668028 1550103298 570 991 6011 
2851313 2432649 332120 72298 14246 16203244200 15620381700 506979600 23493900 52389000 19689048685500 19189804013400 453128710500 2732848500 43383113100 1546668028 1550103598 670 996 5797 
2837087 2420415 331011 71497 14164 16282036500 15705188700 503645400 24004200 49198200 19918302920400 19393724355300 481385313000 2721722100 40471530000 1546668028 1550103898 871 993 5686 
2816221 2411310 319921 70946 14044 16460681400 15902742600 491185800 23645400 43107600 20126787587100 19644461094600 445628585700 2710070400 33987836400 1545808894 1550104198 714 989 5629 
2779308 2360227 334512 70322 14247 16650298500 16109748300 485691300 23108400 31750500 20447033248800 19983425623800 438062573400 2709299400 22835752200 1546668028 1550104498 707 997 5353 
2788504 2355446 349062 70058 13938 16267557300 15725734200 492432600 23805900 25584600 19844842326600 19382381037600 442380204000 2695085400 17385999600 1546668028 1550104798 571 999 5678 
2737525 2314089 339129 69895 14412 15234602400 14702121000 483253800 23708100 25519500 18386899547400 17927549919600 440094933600 2670722400 16583971800 1545810040 1550105098 159 995 5065 
2705888 2291698 329355 70742 14093 15115151700 14589612900 475473900 23280300 26784600 18369297303600 17880642882600 468186050400 2686226100 17782144500 1546668029 1550105398 170 997 5126 
2677197 2257983 334520 70633 14061 15057703800 14535186900 465771000 23105400 33640500 18342448634700 17894884377900 420229233300 2674589700 24660433800 1545810480 1550105698 602 998 4930 
2548718 2129147 334814 70759 13998 14547566700 14019138900 468363900 23622900 36441000 18011241442200 17552264509800 427484652300 2722725300 28769554800 1545810718 1550105998 707 999 4927 
2527713 2103571 337525 72594 14023 14781894900 14230146000 497874300 24505800 29368800 18377953303200 17869231064700 485273316600 2716331100 20732590800 1546668028 1550106298 596 993 5115 
2494249 2076837 331972 71428 14012 14311069800 13775003400 487483800 23275500 25307100 17458722413100 16984539641100 453804472800 2639607300 17738691900 1545811454 1550106598 438 997 4799 
2458291 2040868 332833 70533 14057 13798357500 13188158100 561065100 23301300 25833000 16892994702600 16307295686100 564542865600 2541391200 18614759700 1545811653 1550106898 870 998 4986 
2427676 2018322 324628 70510 14216 13224681300 12645606300 530790000 22998600 25286400 16292496174600 15738123490500 533565067200 2517301800 18290315100 1546668028 1550107198 709 993 4654 
2394823 1989110 322547 69170 13996 13336564800 12704882100 583161300 22629000 25892400 16396736757300 15764178296700 611224853700 2519756100 18813850800 1545812310 1550107498 31 998 4670 
2353861 1962664 307389 69766 14042 13465952100 12891898200 524538000 22664100 26851800 16653623923500 16096477609200 535249223400 2520474900 19376616000 1546668028 1550107798 772 985 3999 
2341993 1936947 319785 71202 14059 13752426900 13218399000 483855600 23061600 27110700 17061106435800 16556543628600 482276949300 2515457100 19770400800 1545812972 1550108098 360 994 4194 
2312493 1913715 316500 68558 13720 13477267500 12962562300 466515900 22401900 25787400 16608951059700 16123541496000 464701822500 2483704800 18224036400 1546668028 1550108398 600 998 4428 
2318418 1915656 320860 67842 14060 13394556000 12898558800 446391000 22106700 27499500 16391331593700 15914575568400 454607597100 2435193600 19713234600 1546668028 1550108698 670 994 4080 
2290638 1897193 311391 68275 13779 14070584400 13572056100 450645300 22310400 25572600 17496100611600 17024602443600 450906718800 2464379100 18127070100 1546668028 1550108998 803 999 4139 
2261200 1880012 298451 69050 13687 14136332400 13602953400 484625700 22399800 26353500 17571536661300 17031461116200 518685489300 2432867700 18957188100 1546668029 1550109298 70 997 4190 
2235042 1859974 292683 68447 13938 12262942200 11787076200 426489000 22056900 27320100 15183586155300 14723240892300 437897479800 2442973200 20004810000 1546668028 1550109598 571 984 4092 
2296320 1903058 309831 69019 14412 12909477300 12396515100 461814900 22523700 28623600 16092378723900 15587306504400 481826896500 2490897900 20754425100 1545814636 1550109898 166 996 4242 
2300101 1897921 319021 69253 13906 13670101500 13185411900 433171800 22543200 28974600 17058011857200 16590817983300 443366434800 2451066600 21376372500 1546668028 1550110198 870 985 4224 
2282817 1871458 329317 68359 13683 13337365200 12772442100 500920800 22182300 41820000 16613167373700 16032569779500 542470765800 2477348100 35649480300 1546668028 1550110498 507 995 4145 
2235815 1820221 331691 69985 13918 13463405100 12864832500 530526000 23076900 44969700 16634862474300 16067962044600 526987165500 2535543900 37377720300 1546668028 1550110798 509 995 4259 
2242003 1832243 323409 72694 13657 14313521400 13714463700 526428000 24368700 48261000 17550894411000 17048912379000 458476692900 2648825100 40856514000 1545815903 1550111098 267 999 3836 
2240402 1832842 320044 73556 13960 13370338200 12798157200 502497900 24941700 44741400 16401909021900 15936433986600 425881247700 2722867800 36870919800 1546668028 1550111398 996 999 4238 
2206300 1812993 306897 72373 14037 13492512000 12954185400 453573000 23784900 60968700 16604218300500 16112418259500 434560481700 2631501300 54608058000 1546668028 1550111698 570 990 3923 
2212658 1825253 302129 71539 13737 13632735600 13115509500 437702100 23375100 56148900 17067710197500 16582305466800 432811317000 2575024800 50018388900 1546668028 1550111998 571 998 3903 
2206676 1822035 297886 72881 13874 14678185800 14192751000 426735000 24000900 34698900 18641080573500 18184727918700 427547561700 2572391100 26232702000 1546668028 1550112298 671 991 3686 
2207870 1816504 303048 74708 13610 15027277200 14565591600 406083300 24470400 31131900 18932416972500 18541599201900 365047611300 2596605600 23173553700 1546668028 1550112598 696 998 4009 
2171776 1784351 301583 72157 13685 15174265800 14723978400 392029200 23624100 34634100 19373221716000 19006933668600 336466472400 2572641000 27248934000 1546668028 1550112898 870 994 3577 
2169079 1788558 296146 70892 13483 14823728700 14397496200 373572600 22853100 29806800 18693144949800 18334499952600 333559210200 2544667500 22541119500 1546668028 1550113198 570 995 3683 
2195903 1808824 302129 70562 14388 14954862000 14517330000 384838800 23060700 29632500 19075998684900 18706378020600 344652335400 2556838800 22411490100 1546668028 1550113498 570 995 3857 
2170941 1788305 298127 70955 13554 14468546400 14026462800 385174800 23392500 33516300 18324896237700 17961769880400 333707382300 2559371100 26859603900 1546668028 1550113798 771 998 3710 
2195076 1800812 308305 71904 14055 14327185500 13867427100 388372500 23346000 48039900 17876302792500 17499099947400 330976202400 2580178200 43646464500 1545818803 1550114098 263 995 3827 
2182816 1791093 306744 71049 13930 13800330600 13339533300 385627800 23244900 51924600 17083523890500 16699374506700 334529288700 2611188900 47008906200 1546668028 1550114398 671 987 3914 
2129972 1757313 288477 70436 13746 12882097800 12432345000 379810500 22970700 46971600 15997104979500 15597905565300 357181552800 2512841400 39505020000 1546668028 1550114698 509 997 3730 
2110066 1742063 283265 70723 14015 14280411900 13826895600 378778800 23052600 51684900 18444505478400 18037316119500 356407529400 2537158200 48244671300 1546668028 1550114998 671 991 3584 
2136566 1766531 285344 70554 14137 14119920600 13671956400 374305500 22842000 50816700 18263288323200 17835139566900 380450727000 2520782400 45177246900 1545820251 1550115298 489 998 3706 
2135540 1757608 294056 69989 13887 13845524100 13389489300 380468400 22786200 52780200 17531313411000 17088622227000 392725446900 2521686600 47444050500 1546668028 1550115598 571 996 3710 
2136079 1758076 294945 69414 13644 12594420000 12158623800 360563100 22408200 52824900 15867541269000 15467061844500 349642035600 2529918600 48307470300 1546668028 1550115898 870 992 3866 
2129392 1744040 301009 70342 14001 12554448600 12104389800 378244800 23635800 48178200 15819076824600 15420908234700 352645711800 2550749100 42972129000 1546668028 1550116198 708 996 3618 
2099067 1724144 289858 71351 13714 12634101900 12135680100 423032100 24602400 50787300 15958322285400 15505002078900 405907942500 2625027600 44787236400 1546668028 1550116498 703 995 3449 
2104997 1728095 291611 71406 13885 12251673000 11715095700 457540800 23873700 55162800 15264861203100 14788763753100 422355174300 2632647000 51109628700 1546668028 1550116798 611 996 3626 
2156339 1773630 295911 72381 14417 12119383500 11588427900 449841000 24315600 56799000 15060393858000 14639049627900 368478230400 2627902500 50238097200 1546668028 1550117098 671 988 3813 
2162911 1765582 311028 72611 13690 11482884000 10939027200 477466200 24272400 42118200 14385058803000 13967264616900 379348150800 2639682600 35806352700 1545822224 1550117398 816 996 3889 
2191742 1780692 323855 73280 13915 11811433200 11187568200 552138600 25992000 45734400 15240675427200 14773736914200 424385719200 2721144300 39831649500 1546668028 1550117698 608 991 3814 
2208025 1774425 347406 72431 13763 11583150300 11036519100 472492800 26731800 47406600 14894231445000 14480706945300 369903166200 2889703800 40731629700 1546668028 1550117998 670 997 3914 
2198815 1778982 335259 71052 13522 12016403100 11482053300 449594100 24343200 60412500 15112401641700 14668435534800 386469634200 2656310400 54840162300 1546668028 1550118298 870 998 4009 
2212998 1796814 329938 72335 13911 12543017400 12004017000 456566400 24108900 58325100 15967239295800 15511113150000 400178718300 2608953600 53338473900 1546668028 1550118598 670 988 4042 
2170298 1777140 308193 71085 13880 13257930900 12774042900 403949400 23316900 56621700 17087776438200 16662501121200 371239203900 2595732300 51440380800 1545823802 1550118898 771 999 3897 
2157546 1770567 301892 71378 13709 14028414600 13528314900 418102500 23221200 58776000 17865119049900 17408859280500 398594710800 2579683200 55085375400 1545824131 1550119198 778 992 3948 
2172096 1783941 303774 70604 13777 13764400800 13240594200 447871200 23468100 52467300 17573482293600 17086970501700 437005552500 2572268700 46933970700 1546668028 1550119498 570 999 4178 
2166366 1786730 294550 70946 14140 13669617600 13174742100 419632800 23190900 52051800 17330639264700 16884338797200 398071910100 2554841400 45673716000 1545824488 1550119798 485 999 3947 
2138870 1775014 280005 70146 13705 12520174800 12094435200 348805500 22769400 54164700 15676086678600 15317510814000 307114956300 2589498000 48871410300 1546668028 1550120098 570 991 3997 
2155854 1789984 280689 71111 14070 12456373500 11981838000 401051100 23416800 50067600 15444419950800 15003362946600 394253043900 2613126300 44190834000 1546668028 1550120398 670 980 4104 
2284359 1898024 299494 72504 14337 12682530000 12206396400 399933900 23930400 52269300 16139040421200 15739129369500 350265775200 2622288300 47022988200 1545825589 1550120698 176 997 4585 
2335282 1934674 312833 73676 14099 13214347500 12685184400 453475500 24272100 51415500 16592448356100 16121715645000 422051712900 2657193000 46023805200 1546668028 1550120998 671 994 4693 
2387975 1993087 307479 73100 14309 13698998400 13145202600 479880300 24069600 49845900 17132028666300 16639502954400 445295004900 2645517000 44585190000 1546668028 1550121298 511 999 4957 
2393134 1993042 312864 73207 14021 12699874200 12178420200 445922100 24239100 51292800 15694467068400 15259391853900 386756632200 2687154900 45631427400 1546668028 1550121598 571 995 4889 
2432798 2045710 300712 72293 14083 11916098400 11334219000 503162400 24605400 54111600 14702620624200 14198072584800 453243071700 2667519600 48637448100 1546668029 1550121898 2 999 5258 
2491888 2086505 318468 72878 14037 11875078500 11322281100 475860900 24780000 52156500 14471062642800 14028396410100 393041015100 2673618600 46951599000 1546668028 1550122198 671 975 5684 
2581547 2188652 306133 72392 14370 12291878400 11846594400 370573200 23720700 50990100 15135980446200 14777368945200 309994289100 2647946700 45969265200 1545827450 1550122498 303 988 5815 
2658577 2266760 305681 71999 14137 12458728200 11999558100 383627100 23506500 52036500 15143229222000 14770653267000 323234892600 2630413200 46710649200 1546668028 1550122798 870 977 6175 
2764014 2361646 316341 71810 14217 12731084700 12270797100 383712300 23335800 53239500 15467865088200 15093732533700 323385925200 2643763800 48102865500 1546668028 1550123098 608 994 6545 
2930213 2510827 331427 73346 14613 13013441100 12535115700 401040000 23924700 53360700 15647135124300 15262949492700 334332729600 2674162800 47178739200 1546668028 1550123398 570 993 7283 
3057504 2640342 329523 73583 14056 13010001900 12517186200 414576600 24040200 54198900 15721787867100 15323305931400 348503783400 2668737900 47309414400 1546668028 1550123698 771 963 7886 
3189701 2761774 338972 74567 14388 13666769400 13164679500 422124000 24671100 55294800 16468211409000 16048909797900 366608516700 2788712700 49904381700 1545828827 1550123998 916 995 8629 
3468942 3004949 375093 74290 14610 14411236800 13936311600 397453200 24195600 53276400 17270294224500 16880460843600 340401380100 2763431700 46668569100 1546668028 1550124298 770 963 10020 
3614159 3141647 383456 74307 14749 13972201500 13506178500 397333200 24105300 44584500 16650379344300 16255356013800 354705987300 2734473900 37582869300 1545829424 1550124598 280 995 10868 
3719329 3254420 376723 73609 14577 13663964700 13096790100 498852000 23962500 44360100 16286719242600 15758303895900 487902934200 2708260200 37804152300 1545829821 1550124898 679 991 11477 
3868894 3392840 386402 74759 14893 13547676300 12985106400 490729200 24430200 47410500 16030007009100 15503727384000 482026662600 2791876500 41461086000 1545829937 1550125198 912 996 12604 
4056178 3572455 394633 74227 14863 13890036600 13350014700 465888900 24134100 49998900 16337519559900 15883759666500 406313299500 2806284000 44640309900 1546668028 1550125498 570 997 13051 
4267248 3759888 416162 76463 14735 14352495000 13739074800 540762000 24989700 47668500 16899511592700 16412684084400 441544392000 2866194300 42416922000 1545830795 1550125798 198 988 14209 
4515255 3978007 443509 78189 15550 15661662300 15043053600 535007400 25918200 57683100 18801850073100 18316152231000 429227410500 2920209300 53550222300 1546668028 1550126098 770 994 15573 
4742816 4204966 444376 78597 14877 16782386100 16169864400 536041800 26219700 50260200 19772242693500 19281173133000 443495202600 2988803100 44585554800 1546668028 1550126398 670 994 16596 
4955016 4406727 454905 78161 15223 17071423200 16446167700 552210000 25784400 47261100 20039884492800 19530332047500 464954703900 2941734000 41656007400 1546668028 1550126698 670 995 17349 
5148174 4596385 456303 79856 15630 16696463700 16064817900 558264900 26682000 46698900 19457342759400 18944611451100 469360911600 3005133000 40365263700 1546668028 1550126998 808 994 17850 
5368527 4809344 464136 79694 15353 16789797000 16152168000 562394400 26173200 49061400 19478222798400 18946546875000 484609671900 2998008300 44068243200 1546668028 1550127298 571 992 18254 
5586789 5018624 470887 81628 15650 17305001700 16653588600 578049000 26965800 46398300 20056689776400 19524430398000 488715067500 3134967300 40409343600 1546668028 1550127598 770 996 19053 
5892802 5297489 496468 82982 15863 17614925400 16951806300 590613600 27686700 44818800 20392712136300 19847457245400 503902277700 3072520500 38280092700 1545832773 1550127898 730 999 20037 
6103998 5501628 503777 82940 15653 17759386800 17083782300 604459800 27555900 43588800 20204844306600 19651517359500 513258623100 3091100700 36977223300 1546668028 1550128198 700 998 20332 
6249969 5648119 503831 82173 15846 18141689400 17425435200 636504300 26985300 52764600 20751030644700 20137935624300 564064634700 3024352200 46006033500 1545833269 1550128498 965 998 20977 
6338309 5726550 514363 81277 16119 18405313200 17675703300 659656800 26677200 43275900 20943804644100 20312257942500 592249236600 2971803000 36325662000 1546668028 1550128798 800 998 20886 
6434848 5817390 520906 80599 15953 18347725200 17641589700 635456400 26720400 43958700 20957188056300 20371931216700 545766702600 2999142600 36490994400 1546668028 1550129098 571 997 20799 
6615718 5950118 568373 81295 15932 18193656300 17427827100 700609200 27027000 38193000 20652468256800 20055769715700 565090541400 3017846400 28590153300 1546668028 1550129398 670 996 21891 
6736564 6065297 575405 79572 16290 19090139700 18282641700 736268400 26395200 44834400 21946692774300 21224754904800 682789570800 2940661500 36207637200 1546668028 1550129698 570 999 22059 
6827621 6180731 551711 79295 15884 20209223700 19418649000 713844600 25783500 50946600 23352861061200 22660611333300 647493585900 2904136800 41852005200 1545834741 1550129998 876 999 22963 
6892619 6241487 551652 83156 16324 20219612700 19453201200 696352800 28043100 42015600 23445931315200 22859210682000 549626206800 3053243700 34041182700 1546668028 1550130298 808 996 23204 
7158222 6373492 681883 86488 16359 19673880300 18638255100 973700400 29922600 32002200 22514296754100 21681039787800 807027831600 3262344900 22966789800 1545835331 1550130598 82 994 23843 
7379359 6557972 718441 86473 16473 19705137600 18704105700 939318300 29307900 32405700 22616545332900 21742659583200 846976879500 3224244000 23684626200 1546668028 1550130898 696 991 24607 
7411954 6677855 632753 84903 16443 19753869300 18874237200 818774700 28441800 32415600 22493334693900 21763706167200 703240997700 3140346000 23247183000 1546668028 1550131198 570 999 25125 
7637879 6928893 606211 85841 16934 20505252900 19546878300 891703200 29516100 37155300 23295484064700 22513661921400 750323538300 3238532400 28260072600 1546668028 1550131498 870 999 25659 
7842069 7128296 612084 84741 16948 20428288500 19538173800 823489500 29366400 37258800 22996401930900 22313394857400 651497627700 3191004300 28318441500 1546668028 1550131798 699 997 26116 
8096500 7253769 740251 85894 16586 21354629100 20211830100 1074892500 29604600 38301900 24025021969500 23093617486500 898928607900 3232654500 29243220600 1545837074 1550132098 710 999 27143 
8145485 7315672 727043 85794 16976 20657115600 19479000300 1110082800 29668500 38364000 23222762686500 22250938249200 939525440400 3198121200 29100875700 1546668028 1550132398 870 998 27180 
8086285 7336362 647413 85761 16749 20856186600 19781981400 1007548800 29426700 37229700 23804652440700 22918217310000 856666190100 3252627300 26516313300 1545837666 1550132698 914 995 26836 
8141219 7395261 643191 86091 16676 21070691400 20067754200 938024100 29170200 35742900 23966332766100 23161798507800 776005135500 3237243600 25291879200 1546668028 1550132998 870 995 26983 
8268708 7524938 643721 83336 16713 21412350300 20490387600 858524700 27910500 35527500 24415860097200 23662178979900 725642241900 3175260600 24863614800 1545838153 1550133298 765 996 27295 
8414309 7652361 660915 84497 16536 22211784600 21218277600 929953500 28268400 35285100 25168704500400 24362821691400 778048550700 3268489200 24565769100 1546668028 1550133598 671 999 27884 
8563691 7801102 662049 83190 17350 23213541600 22286403900 864104100 27417000 35616600 26552214159300 25747857282000 776380263900 3311837700 24664775700 1546668028 1550133898 507 996 28243 
8600745 7839654 660545 83137 17409 23310686100 22377528600 870246900 27349200 35561400 26608866835800 25811224653300 769908472800 3207816300 24525893400 1545838892 1550134198 554 999 28197 
8639432 7852613 686823 83178 16818 22625028600 21667479000 895036200 27276300 35237100 25683813309000 24837234284700 819286363500 3214154100 24078506700 1546668028 1550134498 907 998 28279 
8720208 7926782 693750 82780 16896 21672116400 20674036500 935742900 27451200 34885800 24358186423200 23465058426900 866427840900 3230471100 23469684300 1545839530 1550134798 43 998 28154 
8917973 8102223 714636 84116 16998 21420405000 20440445700 914144700 27482700 38331900 24254666255100 23313651507900 911118181200 3270153300 26626412700 1545840021 1550135098 205 997 29185 
8991258 8203066 687806 83525 16861 22134089700 21154762800 913877700 27564000 37885200 25188334302600 24323286137700 836141287500 3214269900 25692607500 1545840279 1550135398 149 998 29756 
9105900 8290661 712807 85493 16939 22161782400 21080676600 1010268300 28935300 41902200 24815507818200 23892325799400 890030927400 3299593200 29851498200 1545840432 1550135698 380 999 29607 
9138573 8317099 717438 86859 17177 21951881700 20847792000 1026566100 29341500 48182100 24574644121200 23563917000600 971649705000 3341095500 35736320100 1545840716 1550135998 465 997 30056 
9165856 8329843 732198 87106 16709 22111929900 20977182600 1061603700 29306700 43836900 24823485733500 23799408047700 989215547400 3340059000 31522079400 1545841237 1550136298 99 998 29851 
9121934 8310881 704704 89203 17146 21611017200 20356143300 1183858500 30893700 40121700 23999378293200 22939460392800 1028455654800 3401334000 28060911600 1545841466 1550136598 218 998 29640 
9161374 8381938 674593 87944 16899 21855308400 20723208300 1061519700 29622600 40957800 24392437884000 23372509239900 987449780400 3410452800 29068410900 1546668028 1550136898 696 995 30080 
9230789 8456268 671987 85981 16553 21559590000 20535999000 956811300 28534800 38244900 24100247835300 23153438901900 915843726300 3246975000 27718232100 1546668028 1550137198 602 999 30267 
9332804 8546036 683913 86184 16671 22110395700 21057694800 983321100 28615200 40764600 24682129037400 23709444201000 939418287000 3216497400 30050052000 1545842264 1550137498 960 993 30935 
9285783 8490898 690146 87948 16791 22063092300 20969208300 1024775100 29114700 39994200 24683348525400 23553936556500 1096192863600 3339924900 29879180400 1545842760 1550137798 178 997 30648 
9424262 8619129 702320 86246 16567 22143910800 21001058700 1069845000 28389600 44617500 25060033488900 23780919996900 1240917216000 3247704300 34948571700 1545842994 1550138098 57 999 31177 
9432985 8633628 696388 86313 16656 21935053500 20824156200 1043986500 28437600 38473200 24594069988800 23481161881800 1082424893400 3243488100 27239725500 1546668028 1550138398 507 996 32040 
9652303 8820479 728154 86734 16936 22335980100 21156672900 1107746700 28895100 42665400 25008439122300 23817159445800 1156009743000 3239953200 32029980300 1545843387 1550138698 801 999 32124 
9643111 8811865 728527 86140 16579 21737693100 20579513700 1085246400 28656300 44276700 24292666582800 23123598048900 1133247509700 3252445800 32568578400 1545843765 1550138998 694 999 31834 
9503185 8676506 725995 83951 16733 22003442700 20841222000 1096344300 27571200 38305200 24795895218300 23708364546900 1058022083100 3148362300 26360226000 1545843990 1550139298 172 996 31484 
9549284 8720030 728209 83462 17583 21340268700 20189176800 1078693200 27470700 44928000 23677712662800 22615501432800 1025638595400 3160305300 33412329300 1546668028 1550139598 571 999 31283 
9495044 8670081 724926 82759 17278 22028934900 20904497700 1052160600 27668400 44608200 25010112041700 24006157550100 967174527600 3184298700 33595665300 1546668028 1550139898 570 997 31267 
9525958 8698809 726820 83140 17189 21813192600 20615017500 1131009600 27584400 39581100 24344561125200 23200985851800 1111695087000 3197278500 28682907900 1546668028 1550140198 571 999 31717 
9454378 8619589 733568 83742 17479 22442514000 21314985900 1058511300 28353600 40663200 25646694374400 24589872860700 1024277388300 3261280200 29282845200 1545845334 1550140499 655 0 31325 
9468789 8634639 731856 84996 17298 22112940000 21015906000 1027508400 27942600 41583000 24861024798000 23821147007700 1004926832400 3301412400 31649545500 1545845529 1550140798 654 994 31509 
9407872 8562069 743942 84327 17534 21338563800 20220601800 1047922800 27975300 42063900 23873076346500 22768545967800 1070018580300 3276366900 31235431500 1545845880 1550141098 648 999 31620 
9315045 8473528 739266 84835 17416 21356836500 20283493800 1005090300 27783900 40468500 23947924928100 22896720830400 1018386620400 3262533300 29554944000 1545846373 1550141398 478 998 31452 
9349663 8505106 742927 84265 17365 22193687700 21152975100 972542100 27708300 40462200 25109216084400 24099196038300 977152621200 3241436400 29625988500 1545846402 1550141698 236 990 30587 
9190162 8363538 723776 85335 17513 21774201900 20715404700 982118400 28100100 48578700 24501698717400 23467236923100 993410116200 3310948500 37740729600 1545846977 1550141998 578 998 30654 
9284267 8432417 749477 84542 17831 21890918400 20795221500 1020101700 27903000 47692200 24615098711700 23564928882600 1010319971400 3349208700 36500649000 1545847220 1550142298 184 998 30916 
9305516 8456966 746225 85261 17064 21642117600 20561435100 1012894500 28317900 39470100 24305433491700 23286470208300 987341913000 3358449300 28262921100 1545847428 1550142598 852 998 30189 
9273704 8426671 745936 84462 16635 22389836100 21258900600 1060818900 28601700 41514900 25174897576500 24100762090800 1040134193100 3385025400 30616267200 1546668028 1550142898 571 999 30493 
9280046 8436408 741943 84682 17013 22469841000 21372723000 1027142100 28168800 41807100 25192997750100 24158227370400 999220524600 3374805000 32175050100 1546668028 1550143198 571 998 30148 
9369598 8508867 758273 85630 16828 22781032200 21632850300 1078939500 29044800 40197600 25872135672000 24811580784300 1027124139900 3452333700 29978414100 1546668028 1550143498 608 998 30541 
9330591 8470534 758016 85129 16912 22904557500 21727860300 1106097300 28072800 42527100 25878073256700 24803920738500 1039005706500 3325590900 31821220800 1545848593 1550143798 270 999 29999 
9270759 8410108 758740 85010 16901 23145946200 22011590100 1062459900 28856100 43040100 26260223007000 25196331173400 1028218239900 3319768200 32353825500 1546668028 1550144098 570 997 30577 
9290691 8432867 756151 85043 16630 22819151700 21654845100 1092128400 28257300 43920900 25585747881000 24509360001900 1041169179900 3293083200 31925616000 1546668028 1550144398 670 999 30249 
9278250 8442395 734410 84221 17224 23407594200 22277755800 1061121300 28033200 40683900 26701742056200 25657617126300 1012462183500 3304367400 28358379000 1545849569 1550144698 269 999 30681 
9246927 8415433 729106 85489 16899 23603786700 22528831500 1005067200 28278600 41609400 27152796912000 26120034675900 1000257674400 3263934000 29240627700 1545849826 1550144998 406 999 29319 
9250929 8432244 718355 83611 16719 23390601900 22362517800 957919500 27677400 42487200 26819739632100 25809589103700 976306122000 3225946200 30618460200 1546668028 1550145298 508 998 29958 
9158300 8349039 708354 84117 16790 22841629800 21811286400 961052400 27801300 41489700 26250409165500 25267695548400 949294470300 3251343900 30167802900 1546668028 1550145598 570 999 29801 
9272686 8440014 731218 84278 17176 23056761000 22012011000 974453100 27916500 42380400 26369538641100 25364685054900 970994430900 3240886200 30618269100 1545850669 1550145898 690 999 29920 
9242439 8430586 709630 84958 17265 22966333200 21943221000 951735000 28056300 43320900 25887449793600 24901170597000 951804188400 3288615900 31186392300 1546668028 1550146199 509 0 30167 
9203140 8390374 711744 84185 16837 23129528700 22090901400 967079400 28314300 43233600 26116681112100 25106515566900 975295774800 3289257000 31580513400 1545851458 1550146498 264 999 29634 
9231614 8414738 714932 84722 17222 22647401400 21577841100 995284200 28146300 46129800 25442506994400 24407350298100 998420602200 3233642700 33502451400 1546668028 1550146798 771 999 29189 
9157844 8370339 687731 82637 17137 22721112600 21671847300 971493600 27143100 50628600 25773530379600 24755496392100 976413305700 3173627400 38447054400 1546668028 1550147098 670 998 29230 
9132344 8339396 693245 82476 17227 23458132800 22406611500 974278500 27763800 49479000 26693403214500 25748447118600 903663526200 3246190500 38046379200 1545852226 1550147398 320 999 28585 
9044980 8262622 682606 82324 17428 23564732100 22543060200 948003000 26985000 46683900 27129739364100 26171136455400 920793369000 3143970600 34665569100 1545852509 1550147698 744 998 28452 
9030322 8238560 692001 82689 17072 22979806200 21891562800 1009252500 27196500 51794400 26106909762900 25114103147100 949937857800 3192143400 39676614600 1545852983 1550147998 472 998 28434 
9072040 8264990 706253 83149 17648 22849260600 21791252400 980214900 27357900 50435400 25860025173600 24862881322800 956620000800 3185223000 37338627000 1545852980 1550148298 979 999 27460 
8963592 8151477 712182 82620 17313 23097625500 22044104400 968516400 28019700 56985000 25962189816900 25049405694600 865229694300 3201473700 44352954300 1546668028 1550148599 972 0 27617 
8916907 8111891 705879 82097 17040 22995933000 21968247600 947502600 26886900 53295900 25795587684000 24944360517900 808947960300 3137489100 39141716700 1546668028 1550148898 570 999 26667 
8813746 8022215 691586 82841 17104 21554715000 20535275100 940353000 27025800 52061100 24070220157900 23119753216200 909457007400 3170936100 37838998200 1546668028 1550149198 907 999 26007 
8819248 7991212 727364 83076 17596 21662083200 20654979300 938487600 27497700 41118600 24159258776400 23359247949900 767640813900 3158481600 29211531000 1546668028 1550149498 571 999 26955 
8765783 7942085 723206 83375 17117 21750017100 20668797000 1016101800 27517800 37600500 24125667581700 23273321180700 822267391200 3192695400 26886314400 1546668028 1550149799 571 0 26425 
8664069 7866736 697537 82690 17106 21966912900 20938784700 958557000 27461100 42110100 24693142827300 23902315488900 755450732400 3196925100 32179680900 1545854958 1550150098 396 997 26019 
8553122 7765069 688529 82119 17405 21505542300 20474389800 956132400 27108300 47911800 24054043914000 23138461889700 874557826200 3152803800 37871394300 1545855206 1550150398 64 999 25184 
