201902131605
201902141315

201902141320
201902151140

201902151145
201902161145

201902161150
201902171145

201902171150
201902181145

201902181150
201902190910

201902190915
201902200445

201902200450
201902201830

201902201835
201902211520

201902211525
201902221005

------------------------ missing 201902221010

201902221015
201902231015

201902231020
201902241020

201902241025
201902251025

201902251030
201902260705

201902260710
201902262140

201902262145
201902271635

201902271640
201902281335

201902281340
201903011200

201903011205
201903021205

201903021210
201903031050

201903031055
201903041055

201903041100
201903050840

201903050845
201903060425

201903060430
201903062005

201903062010
201903071515

201903071520
201903081310

201903081315
201903091315

201903091320
201903101320

201903101325
201903111300

201903111305
201903121010