1093387 939842 122709 10288 20548 171923686 153791325 17423847 535774 172740 171552912069 156141976461 15250257326 47412002 113266280 1546884324 1550830798 43 997 6440 
8148457 7219940 792792 78528 57197 12775829613 12115360150 618749099 18133515 23586849 14439149999761 13913573883085 511899507629 1940335778 11736273269 1546668028 1550831098 770 999 27573 
8346805 7447760 800084 81450 17511 19775134960 18644501939 1074989849 26468161 29175011 22039993904297 21141723199828 876294590563 3099846454 18876267452 1546536200 1550831398 695 991 27666 
8418206 7495063 823701 81903 17539 20059989000 18933393600 1070846700 26862600 28886100 22488252880500 21576878634300 888231903000 3107925300 20034417900 1546536433 1550831698 599 998 27163 
8291301 7332460 859125 83061 16655 20128691100 18905859300 1164804300 27611100 30416400 22695590639400 21724350969000 946655922900 3233498100 21350249400 1546536693 1550831998 639 998 27163 
8251427 7315495 835268 83628 17036 19711310100 18547743900 1103984700 27668400 31913100 22299198124200 21393879473400 880037949000 3201634800 22079067000 1546668028 1550832298 671 995 27237 
8146557 7239495 806715 82741 17606 19545594000 18394886100 1088821200 27449100 34437600 22110204223800 21157016684100 925794077700 3178239600 24215222400 1546537361 1550832598 73 999 27383 
8138602 7222655 819030 80086 16831 19596369000 18462098100 1073158200 27498300 33614400 22084874589000 21162771697200 895157728500 3201602400 23743560900 1546537684 1550832898 168 998 26699 
8117787 7177004 842228 81752 16803 19625591400 18396261300 1169904000 29956200 29469900 22186493610000 21205056093900 957771540600 3358037100 20307938400 1546537892 1550833198 695 997 26765 
8215000 7249700 865325 82466 17509 19893104700 18754107300 1076403000 29740200 32854200 22490862454500 21574960260000 889322063400 3411054600 23169076500 1546538205 1550833498 401 998 27192 
8171570 7225609 847958 80776 17227 19581303000 18469389000 1052080500 28638600 31194900 22218200033100 21312706810500 879927208500 3287515200 22278498900 1546538521 1550833798 896 998 27616 
8068942 7133596 836436 81701 17209 19421079600 18300620700 1057026000 29277300 34155600 22077805027500 21174610856100 873755271900 3358687200 26080212300 1546668028 1550834098 570 996 26916 
7981855 7064460 819312 81071 17012 19561358400 18465701400 1033623600 28832700 33200700 22309302341100 21424705223700 857057367300 3291324300 24248425800 1546668028 1550834398 670 997 26322 
8011062 7091568 821010 81815 16669 19260744000 18140646300 1057241700 29114100 33741900 21767314869000 20840331238800 898677494700 3357791700 24948343800 1546539598 1550834698 415 997 26228 
7993087 7048793 845093 82834 16367 18832734600 17693625300 1077795000 29462100 31852200 21055589600700 20107434633000 922926158100 3417108300 21811701300 1546539765 1550834998 372 999 25938 
8084178 7072452 910233 84599 16894 19048594500 17808860100 1177369500 30195000 32169900 21293548899900 20294134867800 973756590900 3477229200 22180212000 1546668028 1550835298 571 997 26395 
8024699 7055335 871765 81306 16293 19016330700 17853220500 1104897300 28633200 29579700 21480008782500 20505675982200 951147091800 3315689700 19870018800 1546540559 1550835598 755 999 26373 
7944816 7024004 822111 81710 16991 18912976500 17753571300 1092205200 29065200 38134800 21276968194800 20281212131400 965260190100 3378960300 27116913000 1546540796 1550835898 445 999 25670 
7899378 6992473 809253 80880 16772 18844275900 17718161400 1062130200 28528800 35455500 21225249576000 20290403166900 906394819200 3321948900 25129641000 1546541035 1550836198 880 993 25713 
7851804 6934204 820240 80550 16810 19113916800 17987553300 1059534600 27828000 39000900 21682913158200 20761743674700 889761181800 3201094200 28207207500 1546541238 1550836498 299 996 25086 
7773481 6892647 783207 81020 16607 18998992500 17852682300 1071628500 27087000 47594700 21407707382400 20471421894600 895481998500 3105205200 37698284100 1546541518 1550836798 474 999 25211 
7883995 6998543 783854 84588 17010 19428216600 18296692500 1060069800 28194900 43259400 21937787373300 21021194237400 880382677800 3206059500 33004398600 1546668028 1550837098 509 997 25051 
7842599 6969712 772306 83851 16730 18887444100 17778119100 1037908500 28128300 43288200 21085019388900 20198219437800 851130396000 3183100500 32486454600 1546542228 1550837398 12 998 25115 
7796245 6907387 787521 84605 16732 18909530100 17823694800 1020890400 28293000 36651900 21292666362900 20431630835400 832209359700 3190606800 25635561000 1546542566 1550837698 426 998 24670 
7789248 6880503 806956 84751 17038 18586060800 17481563700 1035091200 27929100 41476800 20910622852500 20029369162200 848593301100 3192593400 29467795800 1546668028 1550837998 696 997 24541 
7684102 6797565 787209 82726 16602 18502392600 17407836600 1022331300 27312300 44912400 20843742810900 19967803381500 841163454900 3143735400 31632239100 1546543224 1550838298 116 995 24651 
7523924 6699359 724978 82774 16813 18023852100 16990023300 964808100 27193500 41827200 20176729263300 19351196364900 793034601900 3117485700 29380810800 1546543489 1550838598 12 998 24009 
7467649 6620296 747824 82707 16822 18327706800 17286483300 974833800 27076200 39313500 20562185323200 19734785886900 796452821700 3088245300 27858369300 1546543602 1550838898 788 999 23773 
7368607 6533622 735818 82330 16837 18371650500 17294238900 1009279200 27093300 41039100 20813070876300 19952786063400 827823441600 3131117100 29330254200 1546544164 1550839198 239 998 23212 
7308271 6495531 714027 82119 16594 18975994500 17903994000 1006053300 26951400 38995800 21834953607900 20970564526200 834003638100 3091833000 27293610600 1546668028 1550839498 507 999 23066 
7264041 6456781 708222 82136 16902 18890009400 17839059900 986427000 26891400 37631100 21524582677200 20673596393400 821410827300 3050485500 26524971000 1546544596 1550839798 234 999 22807 
7225171 6387559 692766 82843 62003 18762756000 17667863100 1013902800 27577200 53412900 21485229537300 20585750856000 866322715800 3117080400 30038885100 1546668028 1550840098 771 991 22303 
7079059 6258688 711863 82362 26146 17808694800 16709791200 1029144000 27058500 42701100 20188991862300 19291725649500 863413419300 3096279900 30756513600 1546545301 1550840398 110 999 21550 
7153255 6175851 725450 81883 170071 18476235900 17327268900 1036293900 26927400 85745700 20997861624000 20104753228500 858173549400 3091762500 31843083600 1546545645 1550840698 588 998 22386 
6941911 6086800 724683 81987 48441 17966787000 16864247400 1031208900 26912100 44418600 20503851377400 19621495979100 853904970000 3062162700 25388265600 1546545741 1550840998 449 998 21264 
6824605 6017211 708944 81952 16498 17888035200 16811897400 1013463900 26877300 35796600 20470547295300 19600727138400 841690684500 3032651100 25096821300 1546546170 1550841298 808 994 21055 
6755112 5959872 698079 80702 16459 18319095900 17249126400 1010163900 26521200 33284400 21091770759300 20221505616000 844523250600 2993679900 22748212800 1546668028 1550841598 603 998 20512 
6690971 5868779 726110 79851 16231 17996402400 16934148300 1006352100 26012100 29889900 20827265362200 19957310403600 846015924300 2954406600 20984627700 1546668028 1550841898 670 999 20487 
6506173 5730582 679372 80150 16069 17662071600 16604216100 1001688300 26083500 30083700 20237865823500 19377916708500 834940045200 2936676600 22072393200 1546546885 1550842198 551 998 20068 
6513482 5731857 685441 79676 16508 18931664100 17870239800 1001113200 26110800 34200300 22244283519000 21382942198500 833456889900 2871149700 25013280900 1546547205 1550842498 831 999 19828 
6447512 5653458 698366 79560 16128 17642175300 16566693000 1003800000 26193300 45489000 20398242701400 19503770307600 854589837900 2875112100 37007443800 1546547722 1550842798 197 999 19495 
6402608 5618455 688478 79385 16290 18293252100 17224734300 1006664400 25776000 36077400 21202098099000 20312469520200 859891402800 2874632400 26862543600 1546668028 1550843098 771 998 19164 
6362348 5577758 688633 79703 16254 18080567100 17015246100 1011780000 26004900 27536100 20828659432500 19948195514700 858630764400 2903072400 18930081000 1546668028 1550843398 671 999 19399 
6250361 5471208 683837 79261 16055 18066939600 17018725200 995017800 25953900 27242700 20887137314400 20040103102800 825918614400 2877732600 18237864600 1546668028 1550843698 711 992 19156 
6147252 5379660 671445 80084 16063 17427593100 16359345000 1009418100 26457600 32372400 19911100437000 19063634812200 820544451000 2908262700 24012911100 1546548800 1550843998 454 996 18616 
6185887 5405317 683991 79882 16697 17895407400 16772692500 1060017600 26062800 36634500 20646233059200 19729319015400 887389105800 2913283200 26611654800 1546549205 1550844298 982 994 18424 
6136132 5347252 692773 79586 16521 17389356000 16299686100 1030557900 25760100 33351900 19864811717700 18949718013300 887821221600 2900166300 24372316500 1546668028 1550844598 570 992 18506 
6070563 5291158 685064 78128 16213 17993545200 16923315000 1014450900 25537500 30241800 20769290533500 19862844431100 882025401900 2840259900 21580440600 1546549870 1550844898 779 991 18329 
5963563 5208146 660445 78662 16310 17758765200 16681590900 1024316400 25776900 27081000 20541550941900 19645538918700 875086659600 2872095600 18053268000 1546550133 1550845198 315 993 18019 
5893528 5176432 622950 78082 16064 17675891100 16637175300 982710900 25577700 30427200 20514742011300 19683213175500 807211339200 2857391700 21460104900 1546550191 1550845498 67 997 17366 
5879657 5140725 644556 78132 16244 17433726900 16378553700 1000607700 25384200 29181300 20217313604400 19417922043900 775937096400 2855276700 20599187400 1546668028 1550845798 903 996 17134 
5877876 5122588 661499 77607 16182 18163386000 17139003300 969100800 25279800 30002100 21142180293300 20346110486100 772372346400 2850029100 20847431700 1546550809 1550846098 45 993 17248 
5796872 5078671 624172 77998 16031 17647773300 16607942400 985158900 25635300 29036700 20537675230800 19756058524800 758707809600 2886179100 20022717300 1546668028 1550846398 802 997 16975 
5796460 5080704 622125 77516 16115 18495696300 17378445600 1058228400 25165200 33857100 21602211617400 20695203528600 879328582800 2861922300 24817583700 1546668028 1550846698 603 996 17122 
5808681 5051140 663126 78178 16237 18051012300 16955794200 1036416900 25658700 33142500 20782056897900 19928107284900 826342971600 2854207800 24752433600 1546551836 1550846998 568 998 16768 
5776123 4978760 703177 78322 15864 18070903800 16929929100 1084288800 25658700 31027200 21208102107900 20323561302000 858724610400 2866122600 22950072900 1546668028 1550847298 570 991 17001 
5632997 4852913 685384 78568 16132 18033899700 16912097400 1065566400 26395500 29840400 21089390388900 20205536247600 859153062600 2905285200 21795793500 1546668028 1550847598 707 999 16239 
5431944 4611171 730937 74427 15409 16903784400 15809316600 1041353100 24278100 28836600 19715238123000 18823216657500 868273621500 2775064800 20972779200 1546552662 1550847898 369 999 16243 
5639119 4827722 716001 79181 16215 17734886100 16579800000 1098907500 26760600 29418000 20501868993000 19592100889800 885079622700 2948836500 21739644000 1546668028 1550848198 608 990 15896 
5540593 4788307 659059 77410 15817 17312806200 16197687600 1056449400 25222500 33446700 20149040365500 19265584728000 854889686100 2837289900 25728661500 1546553381 1550848498 588 996 15663 
5528106 4770813 663851 77270 16172 16731458400 15621194100 1039126800 25324800 45812700 19313773796400 18435990352500 835672690800 2806877100 39303876000 1546668028 1550848798 870 998 16009 
5469422 4740330 637023 76318 15751 16757390400 15676024800 1023309900 24648600 33407100 19347137920800 18494361121500 824982147600 2803832700 24990819000 1546668028 1550849098 709 997 16016 
5351770 4627910 631103 77070 15687 16749513300 15706614300 985900200 24863100 32135700 19477097891400 18666825720900 783143183700 2840712300 24288274500 1546554347 1550849398 943 999 15237 
5323186 4581808 648378 77085 15915 16967812800 15930891600 984646500 25262400 27012300 19892386993500 19084505489400 785970765300 2839494900 19071243900 1546554547 1550849698 670 998 15293 
5297336 4555002 649591 77126 15617 17304223200 16194799200 1056022200 25158900 28242900 20238658214400 19365134345700 850115249700 2814073200 20594545800 1546554823 1550849998 165 997 15176 
5240797 4512773 635110 77137 15777 17807546400 16772526000 983492700 24898200 26629500 21136495835400 20312613039900 801236685300 2816132400 19829977800 1546668028 1550850298 870 998 15005 
5169648 4470773 605457 77803 15615 17620178400 16624746900 944651100 25230300 25550100 20724435990000 19948292551500 754609510200 2813996100 18719932200 1546668028 1550850598 570 999 14941 
5111406 4419797 599836 76173 15600 17516756400 16528500600 937769700 25810200 24675900 21170658647700 20396136376800 753609989400 2863764300 18048517200 1546555852 1550850898 422 995 14575 
5044742 4366915 585730 76644 15453 16653086100 15702266100 900942300 25203900 24673800 19940574630600 19192938101700 727004328900 2843394000 17788806000 1546668028 1550851198 570 998 14660 
5050319 4373847 583192 77557 15723 16728693000 15785939400 888037500 25018800 29697300 19822699209300 19089631088100 708415101900 2845130700 21807888600 1546668028 1550851498 671 996 14398 
5013494 4332637 588420 77130 15307 16744768200 15794164800 898539000 25097100 26967300 19711571128800 18969767611200 719926048200 2836221600 19041247800 1546668028 1550851798 708 998 14457 
4977398 4275023 610455 76517 15403 16168056000 15182332200 934201200 24682500 26840100 19021574547900 18245836431600 753045434700 2810234700 19882446900 1546668028 1550852099 799 0 14024 
4906116 4210259 603342 76694 15821 15879278400 14900582400 926649000 25069200 26977800 18586524525300 17824848880800 739415688300 2864427900 19395528300 1546668028 1550852398 571 996 13740 
4860931 4187836 581158 76714 15223 16002443400 15021535800 931250100 24880800 24776700 18815894096400 18054982935300 741651843900 2874903000 16384414200 1546668028 1550852698 802 997 13647 
4832175 4154166 586260 76418 15331 15865603200 14876955300 940437600 25296000 22914300 18473649897600 17699218647900 756102629700 2869470600 15459149400 1546668028 1550852998 571 997 13778 
4996365 4246096 656893 77882 15494 16917616500 15884527800 984030000 26046900 23011800 19814533416000 19044727132500 750971172000 2975772300 15859339200 1546558005 1550853298 693 999 14565 
4832835 4117682 622205 77742 15206 16436647200 15435309900 953422800 25695000 22219500 19299340604700 18555315050100 725472015300 2918004300 15635535000 1546668028 1550853598 770 996 14032 
4762423 4052369 617620 77256 15178 16098756600 15109387800 936636300 25589400 27143100 18987237896400 18251813883600 712134078600 2910577500 20379356700 1546668028 1550853898 571 996 13585 
4817121 4089616 634190 77953 15362 15773107800 14721468900 994168500 25510200 31960200 18389840088900 17620300380300 742437441900 2901307500 24200959200 1546559094 1550854198 111 995 14080 
4711727 4006755 614374 75738 14860 15857413500 14862703800 938798400 25011000 30900300 18673753906200 17918055819000 728753923800 2893531800 24050631600 1546668028 1550854498 711 997 13767 
4596339 3904042 600894 76340 15063 15421591800 14418141600 945058200 24964800 33427200 18108788150400 17357890042800 722131280400 2875882500 25890944700 1546668028 1550854798 670 995 13168 
4574508 3876462 606326 76544 15176 15830057700 14882224800 893193300 25216800 29422800 18841924788600 18119741891100 696645994200 2859930000 22676973300 1546668028 1550855098 609 989 13152 
4413767 3729614 593381 75781 14991 15360534600 14401248600 905164200 24511800 29610000 18199764958200 17467487890500 708856065600 2819675700 20601326400 1546668028 1550855398 602 996 12862 
4515083 3797964 625517 76693 14909 16020193500 15057331200 911221200 24874500 26766600 19484795573700 18758177300700 705028481700 2901060900 18688730400 1546560443 1550855699 267 0 13210 
4511243 3774649 644143 77098 15353 15927123300 14935686600 937546500 25395300 28494900 19097724384000 18361922980200 712805871300 2914462500 20081070000 1546668028 1550855998 671 999 13256 
4333781 3653515 589789 75684 14793 15813876600 14870493300 887341200 24824100 31218000 18764427584100 18028479940200 708927861900 2835831000 24183951000 1546668028 1550856298 708 983 12550 
4233659 3568827 574523 75219 15090 15557879700 14625814200 883169400 24448200 24447900 18383651296500 17659420126200 704269636200 2812096500 17149437600 1546668028 1550856598 808 996 12294 
4221192 3546104 583955 76049 15084 15460560900 14522673000 888306900 24874500 24706500 18280550508600 17546379396900 714018317400 2814965400 17337828900 1546668028 1550856898 570 983 11993 
4163587 3506451 566658 75523 14955 15558429900 14607567000 899751300 24645900 26465700 18464968104900 17714820556200 728966115900 2840832600 18340600200 1546668028 1550857198 696 995 11915 
4153918 3458135 605707 75100 14976 15845655300 14899536000 892072800 24792900 29253600 18908628573600 18166570753500 718059390900 2877298500 21121130700 1546562420 1550857498 350 999 11739 
4131602 3435793 604552 76068 15189 15922555500 14973343200 897345900 24870900 26995500 18794249484000 18054959275800 717076420800 2865979800 19347807600 1546562655 1550857798 78 999 11778 
4106658 3414354 602318 75084 14902 15586329600 14624660100 909265800 24942600 27461100 18438448233000 17706170618100 709709212500 2901159000 19667243400 1546562953 1550858098 906 999 11987 
4064361 3379086 594512 76000 14763 15232892400 14294845800 887703600 24705000 25638000 17964675727200 17258782983300 685362831300 2917069800 17612842800 1546668028 1550858398 670 994 11837 
4007582 3345621 571407 75543 15011 15917373000 15000630300 860961300 24672600 31108800 18972421488300 18261236669100 685889837100 2891881500 22403100600 1546668028 1550858698 771 999 11541 
3979773 3325401 564292 75390 14690 15820781700 14891859900 872419500 24429300 32073000 18838554228900 18119005980300 693573565500 2894180100 23080503000 1546668028 1550858998 770 983 11003 
3877601 3230696 557335 74780 14790 15783337200 14888094300 840213000 24237000 30792900 18865573549800 18185562017700 656098403700 2852255100 21060873300 1546668028 1550859298 670 999 10843 
3859001 3203902 564922 75321 14856 15532298700 14626629900 853693800 24490500 27484500 18469413316800 17778738877800 668410381500 2844233400 19419824100 1546668028 1550859598 600 996 10726 
3829848 3161397 579380 74440 14631 15266175900 14346243000 867983700 24359400 27589800 18240483232200 17526150182100 691670929800 2844920700 19817199600 1546668028 1550859898 771 998 10987 
3814797 3146143 579146 74786 14722 14974071300 14053333500 870644100 24885300 25208400 17884745358900 17167266349200 697169192400 2846387400 17463429900 1546565022 1550860198 363 996 10775 
3793579 3125305 578819 74684 14771 15123716400 14192205000 873563700 24344700 33603000 18077583853800 17340349909800 708644549700 2803509000 25785885300 1546565285 1550860498 168 997 10809 
3730254 3088556 552515 74598 14585 15484152900 14560983600 868939500 24214500 30015300 18664063784400 17934394019700 704359365300 2801790000 22508609400 1546668028 1550860798 599 980 10534 
3666853 3022520 555998 73539 14796 15933416700 14986167600 891164100 24449700 31635300 19254654655800 18500148999000 726506530500 2784544200 25214582100 1546565913 1550861098 524 999 10427 
3655283 2988009 578487 74157 14630 15799063500 14848481100 891616200 25114800 33851400 19079314339500 18320622117600 728521411500 2836402500 27334407900 1546668028 1550861398 608 995 10258 
3634364 3000334 545715 73735 14580 16372213500 15451074900 869136900 24002100 27999600 19867817137500 19137507317100 706617799800 2762679000 20929341600 1546668028 1550861698 508 999 9880 
3600652 2964655 548124 73213 14660 16235766000 15312543900 869966700 23664900 29590500 19750160793000 19018728783300 705682747500 2753189100 22996073100 1546566722 1550861998 195 994 10100 
3678728 2973626 615886 74267 14949 17109359100 16170945300 884886000 24026700 29501100 20731002423600 20003090443500 702358296600 2720251200 22833432300 1546668028 1550862298 600 990 10461 
3707238 2959056 658954 74431 14797 16116920700 15159354900 903178500 23950200 30437100 19290226355100 18565344309000 698274193500 2702366100 23905486500 1546668028 1550862598 671 996 10984 
3690019 2949816 652173 73560 14470 17643581400 16702806000 889612200 23888100 27275100 21429902936400 20711656225800 695176623300 2636788800 20433298500 1546668028 1550862898 670 996 10485 
3657242 2917550 651654 73272 14766 17100799200 16150996500 899731800 23681700 26389200 20776067220600 20037565946700 716522844300 2663860500 19314569100 1546668028 1550863198 700 987 10737 
3633574 2919794 626564 72799 14417 17604800100 16675068000 880965000 24051300 24715800 21421400174400 20696965947600 704568256200 2652587400 17213383200 1546668028 1550863498 771 996 10334 
3545414 2883572 573484 73546 14812 17277134100 16356408600 862447800 23731500 34546200 21379488534000 20646243214200 701944749900 2679873300 28620696600 1546668028 1550863798 671 985 9583 
3607112 2896340 622345 73668 14759 17584407600 16640678100 882142200 23761500 37825800 21803742410700 21059122635300 709531762200 2713427100 32374586100 1546569023 1550864098 390 999 10072 
3576807 2854204 635072 73038 14493 17225921100 16277945700 886243500 23517900 38214000 21351913721700 20607731941800 708381624900 2635421100 33164733900 1546569181 1550864398 91 997 10022 
3551315 2846529 616768 73359 14659 17476454100 16502562900 906732300 23643600 43515300 21668986989000 20890807267800 736506125400 2702686500 38970909300 1546668028 1550864698 571 991 9610 
3491160 2868200 535071 73241 14648 17145536700 16202462400 875445900 23647500 43980900 21109983597900 20348414826000 718973779500 2673645300 39921347100 1546668028 1550864998 596 999 9331 
3465565 2839485 539518 72114 14448 16858230000 15915097500 877371900 23247900 42512700 20569085663700 19804954409100 722814598800 2611563900 38705091900 1546668028 1550865298 571 982 9394 
3447551 2798107 562051 73094 14299 16745619300 15817864200 854737800 24279900 48737400 20245314370800 19505387334300 691527905700 2698089900 45701040900 1546668028 1550865598 800 976 9063 
3469565 2831186 550249 73256 14874 16598731800 15673892100 853398600 23693700 47747400 20178735718200 19439612680500 691501182900 2668978200 44952876600 1546668028 1550865898 870 999 9354 
3400170 2779711 533917 72272 14270 16447488000 15536121900 844168500 23146200 44051400 20021490683100 19296220662000 681318624000 2657318700 41294078400 1546571071 1550866198 625 998 9326 
3413396 2799641 526963 72176 14616 16680864900 15775476900 835104300 23233500 47050200 20269996337700 19556748108000 667464772800 2632134900 43151322000 1546571262 1550866498 985 996 9245 
3371570 2745677 539453 71964 14476 15800136900 14905783200 821035200 23141100 50177400 19055185016700 18359985321900 646038228300 2614921200 46546545300 1546668028 1550866798 571 995 9048 
3374267 2738650 546597 74409 14611 15602694300 14701871100 833563800 24173100 43086300 19038344457900 18338771291700 657120596700 2638890600 39813678900 1546668028 1550867098 570 994 9365 
3381007 2756882 536585 73063 14477 15709979700 14808097200 836470200 24149100 41263200 19138850513400 18438024938700 660375273300 2647410300 37802891100 1546668028 1550867398 708 976 9294 
3450758 2818965 544045 72965 14783 15330421500 14438240700 829182900 23542500 39455400 18650993759400 17964327175200 648110142900 2617431600 35939009700 1546668028 1550867698 572 998 9646 
3378748 2749106 542383 72805 14454 15340075200 14448483600 828762900 23597400 39231300 18562800454200 17867170737300 658229447400 2643914100 34756355400 1546572909 1550867998 891 973 9161 
3310811 2690367 533929 71991 14524 15057365700 14183808300 807558000 23994900 42004500 18305289799200 17626195313700 637502918400 2581908000 39009659100 1546668028 1550868298 671 991 9070 
3440676 2769759 582521 73771 14625 15351320100 14414595000 864822600 24823200 47079300 18451602628500 17770724983800 634651210200 2729208600 43497225900 1546573357 1550868598 24 997 9609 
3260115 2646876 527470 71062 14707 15379888500 14534970000 778703100 23030100 43185300 18599912958900 17948304622500 609402321300 2568107700 39637907400 1546573719 1550868898 259 995 8802 
3251138 2636192 528280 72147 14519 15210063900 14360927100 783272100 23265600 42599100 18452253675900 17791568869200 618527260200 2573493900 39584052600 1546574083 1550869199 182 0 8862 
3263451 2646320 530320 72147 14664 15410317200 14561055900 788073900 23288100 37899300 18694740789300 18050791850400 607798207500 2618586600 33532144800 1546574467 1550869498 229 999 8842 
3253762 2638900 528155 72243 14464 15821619600 14992623300 772928700 23261100 32806500 19368471137100 18742455994800 594929465400 2603974200 28481702700 1546668028 1550869798 770 986 9014 
3221969 2611112 525485 70840 14532 16751985900 15930464400 767012100 22845900 31663500 20520065627400 19903821526200 586621153500 2553096900 27069850800 1546668028 1550870098 770 999 8745 
3244279 2604195 553245 72114 14725 16958919000 16108438800 800570100 23866200 26043900 20791915682400 20153062243200 616179330600 2636102400 20038006200 1546668028 1550870398 996 998 8721 
3237824 2632975 519083 71414 14352 18050698200 17231439600 770708100 23430900 25119600 22181677191600 21568970669400 591708027600 2582993700 18415500900 1546668028 1550870698 571 993 8649 
3202210 2620218 494868 72494 14630 16995074100 16190828400 754551900 23501100 26192700 20772787520700 20174377221900 575495132700 2618661900 20296504200 1546668028 1550870998 609 986 8767 
3184816 2594664 504049 71546 14557 17387440800 16583787300 752393700 23954100 27305700 21878843640600 21282233916300 572773028700 2631001500 21205694100 1546576000 1550871298 493 997 8859 
3153650 2569339 498200 71730 14381 16501636200 15707412300 744482100 23716500 26025300 20131407676500 19545315016500 564109658700 2630163300 19352838000 1546668028 1550871598 670 993 8398 
3127534 2562402 478713 71848 14571 16641820500 15851614200 736444500 23293200 30468600 20481340014300 19885461557100 568976286000 2592526500 24309644700 1546668028 1550871898 570 997 8529 
3145896 2575856 483091 72237 14712 17236283100 16461498300 716709900 23740200 34334700 21306201989400 20726689178400 548945499600 2637702300 27929609100 1546668028 1550872198 670 993 8728 
3125428 2550264 489366 71232 14566 16783610700 16009185600 712770300 24471000 37183800 20571720077400 19988249932500 549473265600 2654059800 31342819500 1546668028 1550872498 571 996 8118 
3087529 2518551 483316 71506 14156 15865706400 15084495900 723642900 25332900 32234700 19619869830000 19030651728900 559521795900 2749726200 26946579000 1546668028 1550872798 508 993 8416 
3098721 2535252 477707 71192 14570 16665651600 15915913200 699186000 24085200 26467200 20642302201200 20086624913400 533217801600 2633097300 19826388900 1546668028 1550873098 571 997 8356 
3088252 2512389 490017 71668 14178 16372735800 15611484000 709417500 22869000 28965300 20199030092400 19630443075900 543115282800 2588205000 22883528700 1546668028 1550873398 670 983 7784 
3080060 2526897 467530 71418 14215 16688133900 15947172000 692856000 23343000 24762900 20690961561000 20141916184200 527155510200 2608451400 19281415200 1546578447 1550873698 83 999 8132 
3066793 2515075 466713 70947 14058 16038217800 15283770600 704661000 22746000 27040200 19797855277500 19229659741500 544352158500 2555358300 21288019200 1546668028 1550873998 970 997 7940 
2999847 2460451 456618 68703 14075 15539295600 14795571300 695344800 22465800 25913700 19177077777300 18625537886100 530436247200 2559438000 18544206000 1546579041 1550874298 44 999 7522 
2975681 2440850 453161 67849 13821 15872168400 15121638000 701129700 22058100 27342600 19663472695800 19101358955400 538006419900 2569649100 21537671400 1546668028 1550874598 508 997 7399 
2977734 2441423 453272 68646 14393 15800291100 15039070500 715518900 22095000 23606700 19336965936900 18751949094300 565347406500 2526998400 17142437700 1546579678 1550874898 478 987 7544 
2939022 2417706 439753 67684 13879 15905678100 15137184900 724860300 21827400 21805500 19508506995000 18908436112500 582178909200 2489840100 15402133200 1546668028 1550875198 607 979 7313 
2920159 2410368 427802 67991 13998 16209507000 15478824900 686994300 21861300 21826500 19963134801300 19415421838200 529613098800 2517816000 15582048300 1546668028 1550875498 599 997 7252 
2935865 2415683 437304 68613 14265 16084692900 15350499900 685786500 22215000 26191500 19782549312000 19228016767200 532168276500 2517600900 19846667400 1546580562 1550875798 317 997 7490 
2915563 2388317 445296 67669 14281 16270340400 15546846600 678203400 21964800 23325600 20274131855400 19725222312300 529631455500 2520540600 16757547000 1546668028 1550876098 608 991 7300 
2864766 2358503 423685 68409 14169 15501959700 14802801900 652995000 22149900 24012900 19228150338600 18652923317700 555289428600 2508438900 17429153400 1546581359 1550876398 841 992 7042 
2916750 2379836 450570 71939 14405 14890614300 14166545400 674678700 23012400 26377800 18232321076700 17632687052100 577854674100 2586512700 19192837800 1546668028 1550876698 871 998 7338 
2889932 2357422 448846 69452 14212 15040221300 14337654600 654683100 22375800 25507800 18574031366100 17993635943100 559079976300 2560477800 18754968900 1546581884 1550876998 926 995 7287 
2836998 2324982 430168 67681 14167 15334655700 14630476800 642276600 21914700 39987600 18915287573400 18323958290400 556326777300 2490563700 32511942000 1546668028 1550877298 871 991 6943 
2785334 2271181 431479 68369 14305 14823956100 14128731600 631659900 22206600 41358000 18277558391100 17696696332800 544130029200 2497287000 34234742100 1546668028 1550877598 508 986 6542 
2765057 2271931 412497 66674 13955 15436549200 14754763800 618077100 21480900 42227400 19689259458300 19110678495600 541200382800 2429107500 34951472400 1546668028 1550877898 607 988 6495 
2726612 2231289 412799 68496 14028 15377098500 14690584500 622537800 21955200 42021000 19289407621200 18681978627300 570152377800 2518969800 34757646300 1546668028 1550878198 770 991 6211 
2731538 2245984 403740 67763 14051 15488167800 14812792500 610194300 21678300 43502700 19368978952200 18793795609800 535730160000 2543270100 36909912300 1546668028 1550878498 570 996 6215 
2682476 2191723 408157 68664 13932 15086607000 14418104700 606367500 21990600 40144200 18811789528500 18226391379000 550873523100 2533762800 31990863600 1546668028 1550878798 570 988 6032 
2672636 2185025 405790 67518 14303 15502146000 14827323000 603179100 22086300 49557600 19535930102400 18951129961200 539615922600 2534350200 42649868400 1546584025 1550879098 87 988 6118 
2628567 2157232 387635 69400 14300 14825508000 14155273800 593772600 22213200 54248400 18337124784900 17757979981800 528108483900 2514864000 48521455200 1546668028 1550879398 670 990 5770 
2592977 2122411 388032 68603 13931 15169582800 14520886500 581325000 22227000 45144300 19089165974100 18540768470400 507773134200 2484472200 38139897300 1546668028 1550879698 671 989 5680 
2556925 2085337 389429 68328 13831 14222124600 13572002700 586320000 22175700 41626200 17746680340200 17197501505400 513172831200 2483628000 33522375600 1546584817 1550879998 419 980 5422 
2575478 2087969 404106 69091 14312 14818906500 14169992100 583755000 22779900 42379500 18563151137400 18024439677300 502334127900 2543579100 33833753100 1546668028 1550880298 570 973 5341 
2566492 2089596 393629 69433 13834 14389419300 13750318800 572295900 22514400 44290200 18087705927600 17555355357600 492928887000 2516096700 36905586300 1546668028 1550880598 600 991 5706 
2540127 2081247 375898 68797 14185 14495546100 13852676400 576791400 22137600 43940700 18544653044100 18002375961900 502199760900 2482878600 37594442700 1546585717 1550880898 153 990 5488 
2510515 2051157 376214 69089 14055 14023434300 13398048300 555422100 22219800 47744100 17507859302100 16989011575500 475791987900 2504858400 40550880300 1546668028 1550881198 508 986 5232 
2478237 2030895 364981 68151 14210 13744186800 13130986200 542880300 22458900 47861400 17192785885500 16678643580000 471012562800 2511450300 40618292400 1546586269 1550881498 740 986 5490 
2440359 1994956 363179 68430 13794 13083372000 12469852200 546275100 22278900 44965800 16236215371500 15702718651500 492676777800 2494562700 38325379500 1546668028 1550881798 603 982 4999 
2460477 1994819 384260 67298 14100 13261795200 12637373700 556714200 22579500 45127800 16399248599700 15857408483100 501361628100 2475682800 38002805700 1546668028 1550882098 599 940 5057 
2421221 1968064 371987 67252 13918 13110956400 12510798000 537208200 21923400 41026800 16209508031100 15689481852900 484258431600 2465289900 33302456700 1546668028 1550882398 771 977 5011 
2427598 1962459 384823 66328 13988 13339767000 12733441800 544746900 21487500 40090800 16969506709200 16434354793200 500159727900 2407485000 32584703100 1546668028 1550882698 603 989 4719 
2417167 1963966 371816 67522 13863 13503846000 12907020900 544686000 21731400 30407700 16716312481800 16197303193500 492690233100 2458727400 23860327800 1546668028 1550882998 671 995 4916 
2386957 1942100 364246 66933 13678 13627851300 13030428300 546772200 21348300 29302500 17090694386100 16556619452100 508472637000 2471877600 23130419400 1546668028 1550883298 870 995 4979 
2346276 1900679 364525 67246 13826 12952739100 12361887600 541970700 21824100 27056700 16261338137700 15738168649500 500327985000 2437524300 20403978900 1546588446 1550883598 845 997 4778 
2432914 1992091 359602 67399 13822 13412183700 12854811600 503316900 21542700 32512500 16795021524000 16308794382300 457794746400 2433005700 25999389600 1546588837 1550883898 191 996 4662 
2388029 1942430 364811 67139 13649 13696134300 13135465200 509690700 22491000 28487400 17196718492500 16695378365100 476675062500 2456430600 22208634300 1546668028 1550884198 899 957 4769 
2305175 1880193 345308 66133 13541 13532567100 12976526400 504571200 22173000 29296500 16962092541900 16424186550000 512481036900 2459824800 22965130200 1546668028 1550884498 511 990 4498 
2294254 1879205 334253 67053 13743 12622504200 12085721700 484334400 21940800 30507300 15876237902400 15360919411500 490119204900 2454427500 22744858500 1546589597 1550884798 150 984 4351 
2292318 1865653 346386 66958 13321 12789750000 12226234500 509623500 22149300 31742700 16041541117800 15496701127200 517706289000 2433235800 24700465800 1546590063 1550885098 229 968 4746 
2258614 1839331 339328 66317 13638 13123247700 12563322900 501599400 22240800 36084600 16545300547800 16000231683000 513142553700 2452629600 29473681500 1546668028 1550885398 508 989 4237 
2270071 1853210 337151 66206 13504 13395511800 12866440200 477213900 21542400 30315300 17109104817600 16607002710600 476387560800 2397646800 23316899400 1546668028 1550885698 570 994 4039 
2219977 1811629 328839 65997 13512 12994565700 12479337000 467295600 21892500 26040600 16332543723600 15840043535700 471457405500 2419379400 18623403000 1546668028 1550885998 908 984 4172 
2192495 1794801 318423 65810 13461 12953290500 12442727100 459081000 21927600 29554800 16271573260200 15816985118100 431482093200 2416987500 20689061400 1546591110 1550886298 386 989 3932 
2190844 1787922 323108 66150 13664 12093477600 11580119400 466352400 22310100 24695700 15038581084500 14594289113100 424812313500 2429331600 17050326300 1546668028 1550886598 670 990 3918 
2183730 1778959 325427 65820 13524 12885386700 12397912800 439952700 22220100 25301100 16330002972000 15911695624500 397838334300 2433636900 18035376300 1546668028 1550886898 511 968 4060 
2188958 1769641 340204 65777 13336 12881918100 12363251700 472466400 21628500 24571500 16119811447200 15655230897900 444237826200 2443532400 17899190700 1546668028 1550887198 970 991 4089 
2236050 1791822 363413 66717 14098 12229642200 11693518500 488371500 22868100 24884100 15308575091100 14847799956000 440832821100 2470598400 17471715600 1546668028 1550887498 571 967 4121 
2202483 1746781 375824 66622 13256 11864351700 11326417800 490959300 22983000 23991600 14771952111000 14291391494100 461012326200 2501568600 17046722100 1546592703 1550887798 814 997 4023 
2208662 1768977 359675 66432 13578 12576292200 12043878000 477510300 21698400 33205500 15836096030100 15356532089400 450131005800 2432407800 27000527100 1546668028 1550888098 507 960 4058 
2159001 1756734 322221 66669 13377 11433231900 10938296400 434148600 21963600 38823300 14304354602400 13863476549700 406558972800 2394991200 31924088700 1546668028 1550888398 571 994 3946 
2126642 1725056 322345 65842 13399 11397069300 10882613400 445461000 21648900 47346000 14165455476000 13694405883000 429201954300 2382737400 39464901300 1546668028 1550888698 670 998 3825 
2125981 1727423 318983 66145 13430 11046265200 10540971000 437454300 21857700 45982200 13816774362600 13361472222300 415047783300 2430887400 37823469600 1546668028 1550888998 509 986 3789 
2189086 1780294 328329 66732 13731 11527032900 11004535500 447790200 21741600 52965600 14620490505900 14143150272600 427898759400 2419903200 47021570700 1546668028 1550889298 670 982 3912 
2191155 1796803 314324 66719 13309 11778811500 11282577600 421936500 22791300 51506100 14718990809400 14251623213900 418166496300 2446577400 46754521800 1546668028 1550889598 670 999 3674 
2120752 1726117 314955 66475 13205 11745187200 11264470800 409800000 21718800 49197600 14767366976700 14296014602400 422483754600 2410338600 46458281100 1546668028 1550889898 870 978 3933 
2106751 1710225 316441 66442 13643 11854529100 11397509700 391859100 21986400 43173900 14981598589800 14566240061100 373917544800 2444272500 38996711400 1546668028 1550890198 970 990 3816 
2103039 1703872 320212 65766 13189 12130300200 11652909900 409801200 21663000 45926100 15526398492600 15088474871700 392919442200 2432332200 42571846500 1546668028 1550890498 770 976 3641 
2091146 1699891 311477 66375 13403 12012838500 11548018200 404456100 21990300 38373900 15240419583900 14818744020300 384235881300 2479871400 34959810900 1546668028 1550890798 670 993 3614 
2133568 1739971 313539 66490 13568 11449491300 10993953600 395226300 21838800 38472600 14350639181400 13941262490400 372500282700 2437577100 34438831200 1546668028 1550891098 770 991 3914 
2122801 1736103 306538 66685 13475 11830097700 11365332000 392340300 22214100 50211300 14873832082800 14453667115800 370099122000 2473756800 47592088200 1546668029 1550891398 8 986 4054 
2086258 1707745 299141 65804 13568 11554374300 11093693400 389003100 21369300 50308500 14453158412400 14029715584500 373870457100 2385222600 47187148200 1546596428 1550891698 539 981 3656 
2132080 1755191 296086 66819 13984 12578310000 12122696100 387315300 22513800 45784800 15810566033100 15376400269800 391136712900 2448973800 40580076600 1546668028 1550891998 571 966 3589 
2102213 1730015 293090 65654 13454 11869089900 11412906600 387576600 21792300 46814400 14989802057400 14541970041000 403972493400 2432790600 41426732400 1546668028 1550892298 800 995 3789 
2070002 1690951 299362 66092 13597 12324069900 11872633800 382928400 21687600 46820100 15971098818300 15514361314800 413608782300 2417918100 40710803100 1546668028 1550892598 670 992 3553 
2100115 1717340 302620 66474 13681 12368421600 11916563400 383277000 22463700 46117500 15487596385200 15054016362600 389084049600 2469163200 42026809800 1546668028 1550892898 909 994 3651 
2057775 1664962 313911 65585 13317 11981662200 11511031200 398510700 21381300 50739000 14880180928200 14454039873900 374996913600 2381909400 48762231300 1546668028 1550893198 570 982 3735 
2079686 1676605 323281 66084 13716 12322520400 11846133000 408519000 21547500 46320900 15354354209100 14933493190800 375203333400 2400267000 43257417900 1546668028 1550893498 596 966 3518 
2106130 1705719 320870 65843 13698 11975588400 11511508800 400339800 21367800 42372000 14904231829500 14509379403900 352903411800 2402892300 39546121500 1546668028 1550893798 507 995 3874 
2108068 1695342 333205 65977 13544 11893100400 11412607200 415883100 21520200 43089900 14815187092500 14397057676800 374896771500 2415286500 40817357700 1546668028 1550894098 670 996 3724 
2082635 1668676 334204 66051 13704 11608579200 11142473100 407244300 21604500 37257300 14537836685400 14128780441500 373301232900 2399856300 33355154700 1546668028 1550894398 508 995 3833 
2121924 1711262 329509 67127 14026 12866703600 12411077700 388876500 22167300 44582100 16456860686700 16068186814800 344561719500 2445257700 41666894700 1546668028 1550894698 671 996 3808 
2113720 1708292 325688 66335 13405 12400732500 11950692300 390283500 21836400 37920300 15675048963000 15294212007000 345213474600 2440583700 33182897700 1546668028 1550894998 909 996 3828 
2116712 1701708 335022 66233 13749 12636761700 12174577200 401296500 21486600 39401400 15903986836500 15505651325400 361868127300 2399431800 34067952000 1546668028 1550895298 671 995 3995 
2114288 1687009 347265 66368 13646 12087028500 11599088700 430446900 21878100 35614800 15191051053200 14766691323900 391469092500 2432647500 30457989300 1546668028 1550895598 509 962 3929 
2117054 1700558 337231 65793 13472 12537916800 12038335800 436097700 21648600 41834700 16232294668200 15785133272700 408270787800 2396545800 36494061900 1546668028 1550895898 570 985 3718 
2084935 1681883 323670 66147 13235 12182153100 11704260300 421255200 21620700 35016900 15520574023800 15093533185800 395007287700 2455130700 29578419600 1546668028 1550896198 770 992 3879 
2101577 1693430 328568 66094 13485 12054660300 11567649300 425598600 21852900 39559500 15274351691400 14832024433800 403940772300 2444502300 35941983000 1546601376 1550896498 263 999 3960 
2086875 1683032 324725 65786 13332 12180543900 11701824000 416551800 21540900 40627200 15417853652100 14978162440500 402096618300 2395970400 35198622900 1546668028 1550896798 970 993 3652 
2074540 1675881 319581 65879 13199 12357295200 11877772800 413668800 21462600 44391000 16179863691600 15729712449900 406314123600 2419552800 41417565300 1546668028 1550897098 570 971 3609 
2102626 1700006 322177 66935 13508 11714977500 11206814700 431195700 22132200 54834900 15020000772600 14525201295900 441371736600 2466770700 50960969400 1546602239 1550897398 47 983 3823 
2065475 1677914 308970 65361 13230 11292792600 10799076900 420420000 21674700 51621000 14388975648900 13916195190600 422028312000 2410032000 48342114300 1546602529 1550897698 564 985 3751 
2067672 1674534 313281 66364 13493 11396625900 10915350000 409816800 22733400 48725700 14456323997100 14015054864700 395153546400 2436054000 43679532000 1546602895 1550897998 384 993 3657 
2116938 1738974 297989 66316 13659 11999771100 11570432100 362981100 21779100 44578800 15302324421000 14927483605500 332404086600 2452362900 39984366000 1546668028 1550898298 670 991 3936 
2102398 1728135 293415 67276 13572 11309125800 10891756200 353251800 21880500 42237300 14324581019700 13958627926200 325386238800 2462840400 38104014300 1546668028 1550898598 708 937 3898 
2098441 1718780 300417 65894 13350 11204739000 10797178800 348024900 21473400 38061900 14183458868100 13830496416000 316990003200 2418306600 33554142300 1546668028 1550898898 599 991 3624 
2074887 1696325 297703 67122 13737 11224811100 10802849100 354786900 22059600 45115500 14208704505000 13836437609700 328697083800 2450628900 41119182600 1546604136 1550899198 470 984 3931 
2113622 1735589 298696 65904 13433 12004740600 11577952500 360408000 21458700 44921400 15367427511600 14998383986400 325352295300 2433616500 41257613400 1546604296 1550899498 99 987 4115 
2093981 1722619 291489 66394 13479 10841116500 10415613600 360521100 21722700 43259100 13804845657000 13428734791800 334417179300 2456660400 39237025500 1546668028 1550899798 702 997 3779 
2121379 1754139 286945 66480 13815 11697960900 11273371800 356388600 23542500 44658000 14818472459400 14454320285400 320785784700 2627112900 40739276400 1546668028 1550900098 971 983 3876 
2109329 1743966 285123 66890 13350 11614907400 11172694200 365352900 23140800 53719500 14652314412300 14269451352300 329158247400 2476125900 51228686700 1546605159 1550900398 564 990 3893 
2138648 1771630 286760 66582 13676 12421731600 11988370500 365479500 21939900 45941700 15861732642600 15485153313300 331492392900 2488811400 42598125000 1546668028 1550900698 900 996 4132 
2167763 1765780 322524 65955 13504 12294201300 11828696700 398743500 21411900 45349200 15532407317100 15115113612900 373546775100 2403801600 41343127500 1546668029 1550900998 8 993 3937 
2205537 1792786 333528 65859 13364 11977257900 11527780200 388734000 21922800 38820900 15169756254300 14786271165300 347805844800 2415981600 33263262600 1546668028 1550901298 570 959 4105 
2207675 1788509 339421 66334 13411 11790936000 11346747900 382279200 21964800 39944100 14837306794800 14455095276600 345231781500 2458826700 34520910000 1546668028 1550901598 908 983 4381 
2261606 1824446 356695 66706 13759 12139585500 11682016800 394195500 22066200 41307000 15252779779800 14841469928700 372047853600 2470338900 36791658600 1546606713 1550901898 362 965 4517 
2249277 1819248 349489 67033 13507 11830323600 11374070400 394635000 23488800 38129400 14836789532400 14428166151300 372912156000 2619895200 33091329900 1546668028 1550902198 770 984 4620 
2248452 1811569 356303 66884 13696 11389414500 10920804300 404049600 22122900 42437700 14307431177700 13883891330700 383209247700 2447892300 37882707000 1546668028 1550902498 508 980 4440 
2281192 1824966 375515 67039 13672 10805771700 10324142700 419768100 22357800 39503100 13523785318200 13082140964400 404957637900 2464719900 34221996000 1546668028 1550902798 800 995 4726 
2296570 1860747 355972 66390 13461 11245015500 10783518600 399233700 21744000 40519200 14073817171500 13654832878800 380466947700 2449076400 36068268600 1546668028 1550903098 770 977 4710 
2273331 1850404 342147 67098 13682 10754728200 10294680000 389633700 21735000 48679500 13350259345800 12954498458100 349228536300 2457052200 44075299200 1546668028 1550903398 571 996 4416 
2341220 1901335 359237 67001 13647 11427622200 10954930200 404340900 23074200 45276900 15240186927900 14825700309300 371887464000 2526129900 40073024700 1546668028 1550903698 670 989 4763 
2342243 1918000 343270 67231 13742 11617923300 11159421600 397298700 23019900 38183100 15478582983300 15065109849300 377178516900 2520402000 33774215100 1546668028 1550903998 670 973 4791 
2362956 1950448 331813 67117 13578 12343132800 11883176100 398726400 22014000 39216300 15444054035100 15044077857900 362257457100 2438616000 35280104100 1546668028 1550904298 771 983 4720 
2396245 1950654 364065 67801 13725 11689886400 11215873800 414165600 22132800 37714200 14421797126400 14029930731600 356554406400 2473688700 32838299700 1546609336 1550904598 497 989 5019 
2416853 1972588 363859 66688 13718 11994639300 11526449100 408088500 21566700 38535000 14892582833700 14501597593800 355048936200 2446563300 33489740400 1546668028 1550904898 770 990 5045 
2445555 1995476 368559 67761 13759 11067767400 10595981100 412906500 21929100 36950700 13523655856500 13118614006500 370465317900 2468352600 32108179500 1546668028 1550905198 596 956 5275 
2558745 2094284 382826 67644 13991 11637232800 11154322500 421983300 22017300 38909700 14489379429600 14059825142700 392558283900 2466348900 34529654100 1546668028 1550905498 671 998 5748 
2578952 2096998 400688 67569 13697 11328928500 10823604300 443325300 22497300 39501600 13810000900500 13350955487700 421057898100 2538419100 35449095600 1546610754 1550905798 730 984 5669 
2604048 2114779 407427 67903 13939 11672300100 11157372300 452220000 22108800 40599000 14264365773000 13809536559600 417124894500 2467080900 35237238000 1546668028 1550906098 570 966 5765 
2611563 2137097 392251 68332 13883 12300343200 11791072500 447156600 22225500 39888600 15230896280700 14790863550300 401330085600 2502734700 36199910100 1546668028 1550906398 772 985 5912 
2647791 2167693 398740 67501 13857 12433310100 11914401600 457182300 22057500 39668700 15412123625400 14956475645100 418213236000 2461246200 34973498100 1546611503 1550906698 682 999 6209 
2625175 2150837 392388 68009 13941 11828816100 11299064400 466567800 22302600 40881300 14573264699400 14118126686400 417288482100 2491114500 35358416400 1546668028 1550906998 570 985 5823 
2657277 2185177 390762 67058 14280 12425731200 11894099100 468064500 21628800 41938800 16101685349100 15635269784100 426967217100 2420206200 37028141700 1546668028 1550907298 571 978 6167 
2674631 2206218 388187 66238 13988 11488814700 10957021500 467114700 21540000 43138500 14613656238900 14147463679200 426799701600 2432136300 36960721800 1546612387 1550907598 536 997 6075 
2724502 2234358 409686 66462 13996 12331918200 11798465700 470232300 21870600 41349600 15540251019000 15073855259100 428226966900 2451156000 35717637000 1546668028 1550907898 596 997 6439 
2743041 2237594 423781 67337 14329 11489227800 10934235300 491607300 22164900 41220300 14164441153800 13649269607400 476474491800 2457414900 36239639700 1546613151 1550908198 650 999 6686 
2733285 2227994 424323 66986 13982 11134110900 10566795300 504403800 21948600 40963200 13587983141400 13040836972200 508885117200 2465477700 35795574300 1546613465 1550908498 94 998 6458 
2758924 2253665 423855 67446 13958 11234900700 10659501300 509778900 21810000 43810500 13660726331100 13139031155400 479475352500 2461799700 39758023500 1546668028 1550908798 596 987 6660 
2844321 2344989 417105 67641 14586 12061281300 11483436600 513576000 22308600 41960100 14900846340000 14388793329300 472609918800 2489219100 36953872800 1546668028 1550909098 600 992 7315 
2859630 2361881 416409 67447 13893 11586047100 11006819100 503979600 22302000 52946400 14229779793000 13709222104800 470034498600 2495886300 48027303300 1546614285 1550909398 732 999 7041 
2878767 2382079 415111 67503 14074 12340510800 11744690100 521710500 22319700 51790500 15226315612800 14689719210000 486716429100 2533483800 47346489900 1546614469 1550909699 249 0 7097 
2838201 2373066 382941 67869 14325 11578182000 11013704400 500055600 22370100 42051900 14193976314000 13697738976000 456046057500 2486744700 37704535800 1546668028 1550909998 802 999 6922 
2895492 2401922 412375 67183 14012 12396283500 11798129100 541613100 22350000 34191300 15131129785200 14607293446800 492446713800 2455818600 28933806000 1546668028 1550910298 770 989 7154 
2890988 2398063 410994 68039 13892 11673818700 11061934500 551294400 22408800 38181000 14103121067700 13565673372300 501007078500 2501682000 33938934900 1546668028 1550910598 508 998 7144 
2875861 2427070 366317 68480 13994 12018118800 11425848300 531945900 22305900 38018700 14499802073400 13975599680400 489360182700 2505946500 32336263800 1546668028 1550910898 571 991 7141 
2876054 2397292 397255 67658 13849 12090135000 11484003600 543241500 22439400 40450500 14588055581100 14035337995200 514251300600 2527354200 35938931100 1546615949 1550911198 436 998 7440 
2926865 2444473 400795 67773 13824 12948020100 12322470600 562482300 22057800 41009400 15806187564900 15238234016100 528685002300 2503917300 36764629200 1546668028 1550911498 570 999 7550 
2887272 2427971 376499 68704 14098 12751029900 12128015400 559156200 23707500 40150800 15796455521700 15244146024000 514049188200 2545672200 35714637300 1546616522 1550911798 276 991 7089 
2923627 2462858 378577 67855 14337 12530450400 11929076100 539061300 23095200 39217800 15426290455200 14894674572000 494482624500 2550615300 34582643400 1546668028 1550912098 571 986 7019 
2931936 2479834 369089 68037 14976 12721685700 12142343100 522213300 22205700 34923600 15569408979600 15073177915500 464113123500 2465332500 29652608100 1546668028 1550912398 571 999 7412 
3045546 2570607 391930 68628 14381 12666825300 12053157000 566066400 22271400 25330500 15284853544200 14767340298600 495610846200 2486136000 19416263400 1546617605 1550912698 782 998 7772 
3045650 2573214 389275 69228 13933 12770534700 12153970200 567842100 22419600 26302800 15447441336600 14929989391200 494330833500 2526307500 20594804400 1546617858 1550912998 432 989 7715 
3070446 2596014 391729 68716 13987 14929972500 14322752700 558536400 22264200 26419200 18489733313700 17980643211900 485651097300 2488661100 20950343400 1546618033 1550913298 837 996 7824 
3098184 2574192 441717 68216 14059 14206281600 13555688400 600795900 22765500 27031800 17343384318300 16794261241500 525288871200 2566816800 21267388800 1546618390 1550913599 286 0 8176 
3098479 2607236 409284 67970 13989 13770090000 13131074100 590431200 22061400 26523300 16729594416000 16185217273800 521821552200 2491336800 20064253200 1546668028 1550913898 571 998 7798 
3078863 2596875 399688 68280 14020 14033901000 13401647100 582210000 22490100 27553800 17225228424300 16687922970300 514107323700 2514686700 20683443600 1546618917 1550914198 960 988 7616 
3135614 2651431 401226 68784 14173 12900359100 12250972800 598787400 23032200 27566700 15713717787300 15155917801800 534371400600 2588721900 20839863000 1546619326 1550914498 613 999 8110 
3107010 2629999 394990 68051 13970 12896550900 12231806700 607165500 22074300 35504400 15789923255100 15205963603800 551105125200 2545171800 30309354300 1546668028 1550914798 670 999 7940 
3113649 2636989 393836 68676 14148 13536955200 12885446400 584026200 22464600 45018000 16895347391400 16319902805400 532029912300 2544218700 40870455000 1546668028 1550915098 770 995 7793 
3135054 2646959 405133 68812 14150 13263002100 12600846900 593488500 22460100 46206600 16202261688900 15625510842600 533692830300 2552769000 40505247000 1546620287 1550915398 616 991 8288 
3170027 2655417 432378 68253 13979 13773575400 13080130200 624546600 22235100 46663500 16949474853600 16362161530200 543809345100 2523006000 40980972300 1546668028 1550915698 508 980 8320 
3161477 2661198 418179 68199 13901 14565084900 13920767400 582774000 22143900 39399600 18198934227600 17689082747700 473070303900 2508738300 34272437700 1546620815 1550915998 174 997 8422 
3211358 2701345 426914 68982 14117 14894299800 14251051800 584424300 22458300 36365400 18589392533700 18095592719700 460127042400 2520776700 31151994900 1546668028 1550916298 808 992 8226 
3164381 2659247 422539 68436 14159 14248212600 13593326100 594851100 22413600 37621800 17826506121300 17325233138700 467000154900 2502160200 31770667500 1546668028 1550916598 899 997 8089 
3193362 2681468 428753 68620 14521 14432922900 13777847700 594522300 22530000 38022900 17873175852600 17377258522800 461210617500 2512632600 32194079700 1546668028 1550916898 570 999 8386 
3223920 2702528 437353 68997 15042 16467336000 15796626900 605328600 22552200 42828300 20732820747000 20223603613500 468821170200 2544214200 37851749100 1546668028 1550917198 996 997 8537 
